0|0
0.1267873|30
0.233345|30
0.3581431|30
0.4682033|30
0.5817433|30
0.6846893|30
0.7923134|30
0.900529|30
1.019266|30
1.137905|30
1.247486|30
1.354249|30
1.469256|30
1.586419|30
1.687768|30
1.793162|30
1.903089|30
2.013903|30
2.119863|30
2.23602|30
2.341302|30
2.4571|30
2.558701|30
2.66996|30
2.772611|30
2.874024|30
2.989844|30
3.090821|30
3.202281|30
3.308971|30
3.409934|30
3.518877|30
3.622557|30
3.734778|30
3.843066|30
3.943857|30
4.058308|30
4.175382|30
4.284149|30
4.400409|30
4.503087|30
4.610357|30
4.717478|30
4.829125|30
4.945795|30
5.05473|30
5.159019|30
5.259533|30
5.366065|30
5.468482|30
5.579488|30
5.690263|30
5.792222|30
5.898703|30
6.01006|30
6.128168|30
6.234695|29.95537
6.342379|29.9348
6.44936|30
6.560497|29.89515
6.666629|29.732
6.774182|29.70462
6.876524|30
6.988254|30
7.095078|30
7.204779|30
7.311155|29.98082
7.419374|29.73291
7.535612|29.7461
7.636714|30
7.740433|29.14138
7.846491|29.06569
7.949025|29.79858
8.057528|30
8.165933|30
8.277294|30
8.383318|30
8.494578|30
8.59752|30
8.705161|30
8.816372|30
8.927629|30
9.035783|30
9.141341|30
9.242262|30
9.351222|30
9.455248|30
9.561515|30
9.673192|30
9.788479|30
9.896788|30
10.00219|30
10.11624|22.55868
10.24|18.91299
10.36991|29.2553
10.48308|30
10.58334|30
10.68603|30
10.8077|30
10.92148|30
11.02662|30
11.13704|30
11.24685|30
11.34875|30
11.45179|30
11.55913|30
11.66269|30
11.77054|30
11.87862|30
11.99218|30
12.0989|30
12.20804|30
12.30928|30
12.41992|30
12.52802|30
12.64293|30
12.74517|30
12.85293|30
12.96091|30
13.06172|30
13.17117|30
13.27629|30
13.37724|30
13.48831|30
13.59323|30
13.70307|30
13.8051|30
13.90758|30
14.01173|30
14.12404|30
14.24155|30
14.34922|30
14.45865|30
14.56841|30
14.67488|30
14.78011|30
14.8944|30
15.0009|30
15.11066|30
15.22135|30
15.33019|30
15.43564|30
15.54392|30
15.65388|30
15.75457|30
15.85916|30
15.96904|30
16.06985|30
16.18055|30
16.29161|30
16.39567|30
16.50513|30
16.61617|30
16.72386|30
16.83017|30
16.94024|30
17.04064|30
17.14647|30
17.2565|30
17.36692|30
17.47176|30
17.57342|30
17.68411|30
17.78538|30
17.88697|30
17.98747|30
18.09317|30
18.19964|30
18.30914|30
18.4141|30
18.52157|30
18.63051|30
18.74427|30
18.8516|30
18.95962|30
19.07062|30
19.17485|30
19.28383|30
19.39093|30
19.49381|30
19.60209|30
19.712|30
19.81612|30
19.92689|30
20.03391|30
20.1401|30
20.24951|30
20.34973|30
20.47022|30
20.57747|29.9522
20.68592|30
20.79602|30
20.90166|30
21.00821|30
21.10831|30
21.21576|30
21.32421|30
21.43368|30
21.54017|30
21.64677|30
21.75377|30
21.86375|30
21.9709|30
22.07531|30
22.17696|30
22.27885|30
22.38531|30
22.496|30
22.60053|30
22.70379|30
22.81188|30
22.9172|30
23.01757|30
23.12626|30
23.23087|30
23.33806|30
23.44636|30
23.55039|30
23.65897|30
23.76798|30
23.86916|30
23.97886|30
24.08716|30
24.20082|30
24.3092|30
24.41757|30
24.52189|30
24.62363|30
24.73252|30
24.84023|30
24.94339|30
25.04976|30
25.1531|30
25.25495|30
25.36181|30
25.47096|30
25.5778|30
25.68622|30
25.79608|30
25.90313|30
26.00533|30
26.11362|30
26.22513|30
26.32538|30
26.43269|30
26.54049|30
26.65002|30
26.75169|30
26.8562|30
26.96657|30
27.06806|30
27.1789|30
27.28769|30
27.38869|30
27.49679|30
27.60657|30
27.71581|30
27.82707|30
27.93688|30
28.04271|30
28.14641|30
28.25772|30
28.36751|30
28.47164|30
28.57781|30
28.68655|30
28.79099|30
28.9018|30
29.0023|30
29.10319|30
29.21446|30
29.32387|30
29.42737|30
29.53829|30
29.64817|30
29.75349|30
29.85744|30
29.96707|30
30.07592|30
30.18006|30
30.28552|30
30.39583|30
30.49883|30
30.60856|30
30.71875|30
30.82483|30
30.93041|29.63037
31.0412|30
31.14861|30
31.25114|30
31.35977|30
31.46668|30
31.56984|30
31.6782|30
31.78722|30
31.88938|30
31.99866|30
32.10377|30
32.207|30
32.3144|30
32.42322|30
32.53262|30
32.64616|30
32.75303|30
32.86346|30
32.96671|30
33.07507|30
33.1853|30
33.30453|30
33.41535|30
33.52357|30
33.62441|30
33.72961|30
33.83854|30
33.94405|30
34.04774|30
34.1574|30
34.26669|30
34.37045|30
34.47876|30
34.58509|30
34.69347|30
34.79607|30
34.90603|30
35.01287|30
35.1234|30
35.23295|30
35.34056|30
35.44431|30
35.55475|30
35.66012|30
35.76785|30
35.86998|30
35.97747|29.8975
36.08457|30
36.18469|30
36.29317|30
36.4002|30
36.50302|30
36.6104|30
36.7202|30
36.83577|30
36.93677|30
37.04381|30
37.15163|30
37.25432|30
37.35811|30
37.46558|30
37.56687|30
37.67664|30
37.7769|30
37.88654|30
37.99517|30
38.10371|30
38.21235|30
38.31673|30
38.42645|30
38.5309|30
38.63489|30
38.74347|30
38.8526|30
38.95634|30
39.06151|30
39.1713|30
39.2752|30
39.38414|30
39.4938|30
39.60295|30
39.7038|30
39.81322|30
39.92273|30
40.02518|30
40.13563|30
40.24249|30
40.34793|30
40.46021|30
40.56538|30
40.66854|30
40.77631|30
40.88623|30
40.99125|30
41.10113|30
41.21089|30
41.31116|30
41.4218|30
41.53235|30
41.64344|30
41.74957|30
41.85858|30
41.96556|30
42.06955|30
42.18105|30
42.29073|30
42.39356|30
42.5002|30
42.60975|30
42.71627|30
42.82382|30
42.93222|30
43.03743|30
43.13979|30
43.24051|30
43.34897|30
43.45078|30
43.55655|30
43.66508|30
43.76839|30
43.87828|30
43.98719|30
44.08799|30
44.1963|30
44.30469|30
44.40663|30
44.5159|30
44.62491|30
44.729|30
44.83301|30
44.94242|30
45.0521|30
45.1543|30
45.26137|30
45.3698|30
45.47297|30
45.58316|30
45.69099|30
45.79462|30
45.89995|30
46.00711|30
46.11494|30
46.21829|30
46.32619|30
46.43093|30
46.53376|30
46.64069|30
46.74968|30
46.85343|30
46.96097|30
47.06469|30
47.17008|30
47.27724|30
47.38474|30
47.49307|30
47.59405|30
47.7035|30
47.81289|30
47.91739|30
48.02735|30
48.13406|30
48.24235|30
48.34348|30
48.45379|30
48.55942|30
48.66636|30
48.77628|30
48.88255|30
48.99208|30
49.09253|30
49.19572|30
49.29583|30
49.39771|30
49.50343|30
49.61306|30
49.72288|30
49.83495|30
49.9403|30
50.05056|30
50.1512|30
50.25586|30
50.35914|30
50.46707|30
50.57696|30
50.68712|30
50.79284|30
50.90162|30
51.00689|30
51.11671|30
51.2228|30
51.32965|30
51.44115|30
51.54513|29.12996
51.64805|30
51.74959|30
51.85495|30
51.95687|30
52.05962|30
52.16555|30
52.26591|30
52.36602|30
52.47244|30
52.58232|30
52.68628|30
52.7956|30
52.90952|30
53.01895|30
53.12966|30
53.23901|30
53.34819|30
53.45895|30
53.56126|30
53.66151|30
53.76936|30
53.87326|30
53.97779|30
54.0863|30
54.19115|30
54.29354|30
54.40659|30
54.51334|30
54.62487|30
54.73156|30
54.83651|30
54.93678|30
55.04651|30
55.16079|30
55.26661|30
55.36753|30
55.4738|30
55.58172|30
55.69235|30
55.79285|30
55.89391|30
55.99958|30
56.10545|30
56.21596|30
56.32727|30
56.43228|30
56.5347|29.83362
56.64393|29.34985
56.74658|30
56.86519|30
56.96798|30
57.06992|30
57.18084|30
57.29158|30
57.40129|30
57.50356|30
57.60724|30
57.718|30
57.82376|30
57.93451|30
58.0489|30
58.15934|30
58.25988|30
58.36428|30
58.47031|30
58.58158|30
58.69591|30
58.7989|30
58.89995|30
59.00604|30
59.11808|30
59.21935|30
59.31968|30
59.42635|30
59.5279|30
59.62814|30
59.73347|30
59.84374|30
59.95356|30
60.06005|30
60.17007|30
60.28085|30
60.38736|30
60.4925|30
60.60258|30
60.7088|30
60.80892|30
60.91652|30
61.01736|30
61.1222|30
61.22342|30
61.3325|30
61.43941|30
61.54837|30
61.65881|30
61.7636|29.66915
61.8739|30
61.98147|30
62.08682|30
62.1976|30
62.29877|30
62.40367|30
62.51419|30
62.6156|30
62.72276|30
62.8233|30
62.93591|30
63.03965|30
63.14314|30
63.25375|30
63.35766|30
63.46471|30
63.57923|30
63.69179|30
63.79843|30
63.90041|30
64.00356|30
64.10579|30
64.21511|30
64.32175|30
64.42369|30
64.52553|30
64.6292|30
64.73143|30
64.83504|30
64.94008|30
65.04015|30
65.14336|30
65.25192|30
65.35458|30
65.4557|30
65.56236|30
65.6722|30
65.77786|30
65.88217|30
65.98427|30
66.09302|30
66.201|30
66.30633|30
66.40676|30
66.51212|30
66.6228|30
66.72877|30
66.83437|30
66.94331|30
67.05248|30
67.16285|30
67.26295|30
67.37086|30
67.48241|30
67.58739|30
67.68764|30
67.79374|30
67.89809|30
67.99974|30
68.10917|30
68.21533|30
68.32152|30
68.43182|30
68.53802|30
68.63905|30
68.7401|30
68.84248|30
68.95267|30
69.06403|30
69.16975|30
69.26995|30
69.37723|30
69.48515|30
69.58553|30
69.69745|30
69.80206|30
69.90907|30
70.01012|30
70.11623|30
70.21796|30
70.32554|30
70.43047|30
70.5309|30
70.63132|30
70.73566|30
70.84462|30
70.94572|30
71.0471|30
71.14766|30
71.25579|30
71.35977|30
71.47002|30
71.57104|30
71.67603|29.62201
71.78416|30
71.88473|30
71.99117|30
72.09144|30
72.20372|30
72.30459|30
72.41491|30
72.52572|30
72.63407|30
72.73544|30
72.84203|30
72.94717|30
73.05779|30
73.1692|30
73.27612|30
73.38895|30
73.49608|30
73.60891|30
73.71518|30
73.82536|30
73.92567|30
74.02977|30
74.13251|30
74.23531|30
74.34085|30
74.45373|30
74.56009|29.92102
74.6649|30
74.77571|30
74.88621|30
74.98969|30
75.09498|30
75.20597|30
75.31107|30
75.422|30
75.53064|30
75.63442|30
75.73572|30
75.845|30
75.95263|30
76.05756|30
76.16382|30
76.27314|30
76.37686|30
76.48575|30
76.596|30
76.71501|30
76.81567|30
76.92583|30
77.03452|30
77.13651|30
77.24556|30
77.35049|30
77.45721|30
77.56219|30
77.67006|30
77.78038|30
77.89424|30
78.00333|30
78.11456|30
78.22107|30
78.33243|30
78.44357|30
78.54401|30
78.65508|30
78.76543|30
78.87188|30
78.98228|30
79.09245|30
79.19335|30
79.30322|30
79.40417|30
79.50858|30
79.62009|30
79.7263|30
79.83571|30
79.94309|30
80.04568|30
80.15116|30
80.25784|30
80.36892|30
80.47906|30
80.5819|30
80.68932|30
80.78933|30
80.89267|30
80.99298|30
81.10263|30
81.20502|30
81.30686|30
81.41709|30
81.52216|30
81.63401|30
81.73906|30
81.85041|30
81.95412|30
82.06416|30
82.17506|30
82.29005|30
82.3946|30
82.49646|29.77136
82.60163|29.73538
82.70569|29.81793
82.81731|30
82.9193|29.44859
83.01974|29.99848
83.11981|30
83.22626|29.96923
83.33463|30
83.44588|30
83.55069|30
83.66048|30
83.7606|30
83.86068|30
83.97079|30
84.07185|30
84.17738|30
84.28633|30
84.39279|30
84.49939|29.8654
84.60996|30
84.7104|30
84.8163|30
84.92219|30
85.0236|30
85.12942|30
85.23998|30
85.35067|30
85.45627|30
85.56411|29.93951
85.66587|29.96869
85.77736|30
85.88223|29.96606
85.98795|30
86.09795|29.13004
86.20055|29.4312
86.30865|30
86.41658|30
86.5174|30
86.62382|30
86.73381|30
86.8354|30
86.9455|30
87.05589|30
87.16166|30
87.26434|30
87.37332|30
87.48453|30
87.58837|30
87.69392|30
87.80513|30
87.909|30
88.01762|30
88.12624|30
88.2263|30
88.33585|30
88.44336|30
88.5562|30
88.66024|30
88.77185|30
88.88049|30
88.98518|30
89.0857|30
89.19678|30
89.30331|30
89.41035|29.99973
89.52156|29.95842
89.62652|29.93075
89.72779|30
89.83942|30
89.94032|29.90788
90.0407|30
90.15129|30
90.25628|30
90.36745|30
90.47442|30
90.58052|30
90.68098|29.93804
90.7916|30
90.89777|30
91.00488|30
91.11502|30
91.22711|30
91.3307|30
91.43963|30
91.54603|30
91.6499|30
91.76089|30
91.86962|30
91.97395|30
92.08345|30
92.18904|30
92.29198|30
92.40032|30
92.50962|30
92.61942|30
92.71951|30
92.81995|30
92.93034|30
93.0351|30
93.14547|30
93.25446|30
93.35857|30
93.46887|30
93.569|30
93.675|30
93.78266|30
93.88409|29.88284
93.9913|29.83372
94.09148|29.83742
94.20253|29.84984
94.30405|30
94.41489|29.56635
94.52505|29.72716
94.62988|29.96305
94.74087|30
94.85284|30
94.95394|30
95.06463|30
95.16593|29.97949
95.27289|30
95.38065|30
95.48511|30
95.58746|30
95.69698|30
95.7971|30
95.9001|30
96.0087|30
96.1095|30
96.21259|29.97432
96.31442|30
96.42298|30
96.53019|30
96.63248|30
96.73936|30
96.8399|30
96.94428|30
97.04982|30
97.15138|30
97.26521|30
97.36808|30
97.47421|30
97.5812|30
97.68902|30
97.79746|30
97.91277|30
98.02569|30
98.14079|30
98.24372|29.97897
98.35409|30
98.46332|30
98.57389|29.97726
98.67724|30
98.78801|30
98.89931|30
98.99965|30
99.10218|30
99.2122|30
99.32278|30
99.42279|30
99.52703|30
99.62737|30
99.73643|30
99.84368|30
99.954|30
100.0555|30
100.1675|30
100.276|30
100.3891|30
100.4924|30
100.5977|30
100.7082|30
100.8102|30
100.9122|30
101.0155|30
101.1159|30
101.2219|30
101.333|30
101.4425|30
101.548|30
101.6505|30
101.7519|30
101.8556|30
101.9579|30
102.0704|30
102.1776|30
102.2805|30
102.3922|30
102.4946|30
102.5977|30
102.6977|30
102.8066|30
102.9194|30
103.0269|30
103.1334|30
103.2372|30
103.3402|30
103.4431|30
103.5435|30
103.6465|30
103.7498|30
103.8612|30
103.9691|30
104.0743|30
104.1852|30
104.2941|30
104.4006|30
104.5101|29.94658
104.6104|30
104.7163|30
104.8172|30
104.9179|30
105.0187|29.59334
105.1194|29.64378
105.2202|29.72128
105.3267|29.86015
105.4343|30
105.5461|30
105.6555|30
105.7642|30
105.8669|30
105.9739|30
106.0798|30
106.1912|30
106.3031|30
106.4096|30
106.5104|30
106.6177|30
106.7232|30
106.8252|30
106.9383|30
107.0462|30
107.1592|30
107.2675|30
107.373|30
107.4746|30
107.5762|30
107.6785|30
107.7811|30
107.893|30
107.9996|30
108.1001|30
108.2084|29.86812
108.3146|29.9682
108.4248|29.98071
108.5352|30
108.6402|29.97194
108.7454|30
108.8564|29.75872
108.9603|30
109.0618|30
109.1727|30
109.2884|30
109.3942|30
109.5056|30
109.6161|30
109.7219|30
109.8326|30
109.9388|30
110.0427|30
110.1517|30
110.2525|30
110.3579|30
110.4652|30
110.5665|30
110.6726|30
110.7737|30
110.8864|30
110.9903|30
111.0908|30
111.1928|30
111.2986|30
111.4058|30
111.5077|30
111.6142|30
111.7144|30
111.8266|30
111.9303|29.81268
112.0409|29.84955
112.1434|29.91933
112.2494|29.96267
112.362|29.89057
112.4713|28.99788
112.5782|29.74428
112.6791|30
112.7847|30
112.888|30
112.9882|30
113.0907|30
113.1976|30
113.309|30
113.4175|30
113.5231|30
113.6241|30
113.7353|30
113.8423|30
113.95|30
114.0501|30
114.1606|30
114.276|30
114.381|30
114.4887|30
114.5964|30
114.6985|30
114.8096|30
114.9168|30
115.0309|30
115.1388|30
115.2468|30
115.3469|30
115.4487|30
115.5554|30
115.6633|30
115.7647|29.74083
115.8731|29.82331
115.9842|29.86242
116.0869|29.95922
116.1914|29.19495
116.2943|30
116.3965|30
116.504|30
116.6149|30
116.7228|30
116.8297|30
116.9318|30
117.0339|30
117.1426|30
117.2522|30
117.3624|30
117.4693|30
117.57|30
117.6723|30
117.7748|30
117.8762|30
117.9768|30
118.0841|30
118.1861|30
118.2954|30
118.4015|30
118.5018|30
118.6127|30
118.7183|30
118.8266|30
118.9276|30
119.0334|30
119.1345|30
119.2479|30
119.3502|29.56279
119.4605|29.59159
119.5617|29.65821
119.6714|29.77506
119.7858|30
119.8943|30
120.0019|30
120.106|30
120.2082|30
120.322|30
120.4312|30
120.532|30
120.6345|30
120.7452|30
120.8517|30
120.9523|30
121.0565|30
121.1575|30
121.26|30
121.3652|30
121.4759|30
121.5837|30
121.6892|30
121.8|30
121.9029|30
122.0082|30
122.1146|30
122.2148|30
122.3195|30
122.4196|30
122.5318|30
122.6327|29.83912
122.7437|29.88433
122.8491|29.94592
122.9627|29.85805
123.0674|29.91831
123.1748|30
123.276|30
123.3809|30
123.4814|30
123.5928|30
123.6947|30
123.7949|30
123.8971|30
124.007|30
124.108|30
124.2156|30
124.3216|30
124.4333|30
124.5334|30
124.6366|30
124.7428|30
124.8453|30
124.9513|30
125.0521|30
125.1601|30
125.2657|30
125.368|30
125.4792|30
125.5854|30
125.6937|30
125.7961|30
125.9015|30
126.0032|30
126.1068|30
126.2098|29.88257
126.3104|29.95645
126.4109|30
126.5179|30
126.6258|30
126.727|29.3358
126.832|29.79609
126.9335|30
127.0464|30
127.1488|30
127.2596|30
127.371|30
127.4766|30
127.5875|30
127.6942|30
127.8011|30
127.9031|30
128.0048|30
128.1105|30
128.218|30
128.3181|30
128.4223|30
128.5323|30
128.643|30
128.7526|30
128.8638|30
128.973|30
129.0827|30
129.1879|30
129.2956|30
129.4041|30
129.5074|30
129.6166|30
129.7265|30
129.8316|30
129.9363|30
130.0467|30
130.1496|30
130.258|30
130.3677|30
130.4741|30
130.5773|30
130.6876|30
130.7879|30
130.8922|30
130.9993|30
131.1087|30
131.2138|30
131.3138|30
131.4186|30
131.5227|30
131.6317|28.54175
131.7417|30
131.8495|30
131.9518|30
132.0642|30
132.1674|30
132.2699|30
132.3711|30
132.4792|30
132.5898|30
132.6993|29.95671
132.806|29.95104
132.9083|29.83441
133.0096|29.96819
133.1109|30
133.2129|29.84971
133.324|30
133.4304|30
133.5309|30
133.6388|30
133.744|30
133.8456|30
133.9505|30
134.0596|30
134.168|30
134.2686|30
134.3758|30
134.4778|30
134.5904|30
134.6911|30
134.8019|30
134.9107|30
135.0178|30
135.1269|30
135.2325|30
135.3356|30
135.4462|30
135.5553|30
135.6639|30
135.7686|30
