0|0
0.1589875|10
0.2648721|10
0.3722723|10
0.472305|10
0.5730047|10
0.6732426|10
0.7737141|10
0.8807053|10
0.9827621|0
1.088695|0
1.188748|0
1.297256|0
1.405582|0
1.5137|0
1.619638|0
1.728588|0
1.831561|0
1.938653|0
2.047125|0
2.155284|0
2.259962|0
2.360798|0
2.464916|0
2.571926|0
2.672689|0
2.780272|0
2.881871|0
2.986104|0
3.090549|0
3.197052|0
3.297158|10
3.405401|10
3.506324|10
3.613718|0
3.715109|0
3.816791|0
3.923404|0
4.024238|0
4.130834|0
4.23885|0
4.346917|0
4.451817|0
4.557568|0
4.665257|0
4.772707|0
4.880582|0
4.980653|0
5.081479|0
5.188613|0
5.289837|0
5.397885|0
5.506649|0
5.613107|10
5.716018|0
5.822215|0
5.922687|0
6.030375|0
6.132577|10
6.238825|0
6.339952|0
6.447139|0
6.555527|0
6.663537|0
6.76412|0
6.871987|0
6.977763|10
7.083745|0
7.188705|0
7.2971|0
7.405175|0
7.505193|0
7.61229|0
7.713638|0
7.8219|0
7.930377|10
8.038666|0
8.146945|10
8.246956|0
8.355273|0
8.463571|0
8.565909|0
8.67273|0
8.773084|10
8.880153|0
8.982992|0
9.088643|10
9.188851|0
9.297036|0
9.397413|0
9.505216|0
9.610586|0
9.713438|0
9.813561|10
9.914067|0
10.01499|0
10.12224|0
10.23039|0
10.33859|0
10.44686|0
10.54713|0
10.65512|0
10.7554|0
10.8555|0
10.96342|0
11.07188|0
11.17203|0
11.28001|10
11.38012|0
11.4804|0
11.58842|0
11.68847|0
11.78865|0
11.89686|0
12.00514|0
12.10531|0
12.21343|0
12.31366|0
12.41374|0
12.52187|0
12.62565|0
12.73039|0
12.8386|0
12.93928|0
13.04722|0
13.15514|0
13.25807|0
13.36823|0
13.47183|0
13.57206|0
13.67832|0
13.78006|0
13.88227|0
13.9934|0
14.09682|0
14.19867|0
14.30194|0
14.4049|0
14.50742|10
14.60996|10
14.71327|0
14.81456|0
14.91995|0
15.02187|0
15.13005|0
15.23516|0
15.33845|0
15.4386|0
15.54237|0
15.64917|10
15.75511|0
15.8603|0
15.96341|0
16.06356|10
16.16863|10
16.27175|0
16.37284|0
16.48499|0
16.58843|10
16.68932|0
16.80151|0
16.90487|10
17.0068|10
17.10973|0
17.21346|0
17.31355|0
17.4192|0
17.52167|0
17.62358|10
17.73475|0
17.83841|0
17.93938|0
18.04332|0
18.1467|0
18.24727|0
18.3618|0
18.46323|0
18.56551|0
18.67636|0
18.78|0
18.88115|10
18.98683|0
19.08823|0
19.1897|10
19.30139|0
19.40489|0
19.50695|0
19.61076|0
19.71343|0
19.81638|10
19.91797|0
20.02156|10
20.12235|0
20.22621|0
20.32995|0
20.42999|10
20.53484|0
20.63888|0
20.73937|0
20.84678|0
20.95493|0
21.05509|0
21.16055|0
21.26366|0
21.37169|0
21.47599|0
21.5801|10
21.68847|0
21.79235|0
21.8967|0
21.99746|10
22.10127|0
22.20481|0
22.30487|0
22.40958|0
22.51324|0
22.6148|0
22.72695|0
22.82978|0
22.92995|0
23.03015|0
23.13806|10
23.2392|0
23.352|0
23.45572|0
23.55572|0
23.66972|0
23.77141|0
23.87463|0
23.98495|0
24.08828|0
24.19652|0
24.30196|0
24.4049|0
24.50571|0
24.60956|0
24.71307|0
24.8132|0
24.91342|0
25.02173|0
25.12324|0
25.23012|0
25.33825|0
25.43936|0
25.54675|10
25.65487|10
25.76322|10
25.8635|10
25.97146|10
26.07358|10
26.18004|10
26.28816|10
26.3882|10
26.48841|10
26.59652|0
26.69831|0
26.80997|0
26.91298|10
27.01318|0
27.11816|10
27.22138|10
27.3215|10
27.42171|10
27.52983|10
27.63187|10
27.73842|0
27.84658|0
27.95485|0
28.06023|10
28.1657|10
28.27147|10
28.37808|10
28.47968|10
28.5808|0
28.68377|0
28.78882|0
28.89649|0
28.99719|0
29.1046|10
29.20573|10
29.30893|0
29.41337|10
29.52141|10
29.62162|0
29.72969|10
29.8308|0
29.93836|10
30.04659|0
30.15475|0
30.25744|10
30.36311|0
30.47137|0
30.57617|0
30.67976|0
30.78813|0
30.89645|0
30.99645|10
31.09649|0
31.19863|0
31.30476|0
31.41311|10
31.51475|0
31.62128|10
31.72142|10
31.82436|0
31.92974|10
32.03553|0
32.13798|10
32.2472|10
32.35466|0
32.45907|10
32.56297|10
32.66485|10
32.76654|0
32.87144|0
32.97964|0
33.07988|0
33.1804|0
33.2808|0
33.38353|0
33.48812|0
33.5964|0
33.70115|0
33.80473|0
33.90622|0
34.00871|10
34.11301|0
34.22137|10
34.3252|10
34.42949|0
34.52974|10
34.63442|0
34.73799|0
34.84632|0
34.94977|0
35.05451|0
35.15485|0
35.26302|10
35.37144|0
35.4796|0
35.57967|0
35.68788|0
35.78794|10
35.88799|0
35.99622|0
36.09636|0
36.20464|0
36.30465|0
36.41295|0
36.51522|0
36.62133|0
36.72964|0
36.83227|0
36.93797|0
37.04701|0
37.14888|0
37.25462|0
37.36295|0
37.47115|0
37.57269|0
37.67962|0
37.78248|0
37.88847|0
37.99642|0
38.10442|10
38.21145|0
38.31285|0
38.41496|0
38.52612|0
38.62955|10
38.73036|0
38.83488|0
38.9379|0
39.03808|0
39.14258|0
39.24612|10
39.34628|0
39.45116|0
39.55441|0
39.65462|0
39.75483|10
39.8629|10
39.96438|0
40.07923|0
40.17953|0
40.28218|10
40.38456|0
40.48773|0
40.58799|0
40.69294|10
40.79622|0
40.90455|0
41.00923|0
41.11268|0
41.21284|10
41.31307|0
41.42117|0
41.52124|0
41.62143|10
41.72949|0
41.83188|0
41.93803|0
42.04634|0
42.15438|0
42.25979|0
42.36272|0
42.46379|0
42.57717|0
42.68032|0
42.78777|0
42.89459|10
42.99614|0
43.0981|0
43.20957|0
43.31574|10
43.42103|0
43.52949|10
43.63783|0
43.73957|10
43.84105|10
43.94609|0
44.04804|10
44.15461|10
44.26299|10
44.36339|0
44.46599|0
44.571|0
44.67945|0
44.78768|0
44.8964|0
45.00446|0
45.11279|0
45.21762|0
45.32099|0
45.42946|10
45.53342|0
45.6379|0
45.74614|0
45.85024|0
45.95546|10
46.06285|0
46.16747|0
46.27097|0
46.37247|0
46.47948|10
46.58048|0
46.68235|10
46.78588|0
46.88766|0
46.98986|0
47.0923|0
47.19717|0
47.29781|0
47.40295|0
47.50435|0
47.60799|0
47.70925|0
47.81305|0
47.92097|0
48.02662|0
48.12932|0
48.22956|0
48.34264|0
48.44593|0
48.54824|0
48.65118|10
48.75422|0
48.85445|0
48.97326|0
49.08083|10
49.18776|10
49.29131|0
49.39602|0
49.49762|0
49.60174|0
49.70435|0
49.80437|10
49.90779|0
50.01278|0
50.12096|10
50.22466|10
50.32929|0
50.43767|0
50.54599|0
50.64602|0
50.7542|0
50.85762|0
50.96463|0
51.07101|0
51.17922|0
51.28062|0
51.38747|0
51.49166|0
51.59638|10
51.69649|0
51.79856|0
51.90428|0
52.01264|0
52.11466|0
52.22111|0
52.32133|10
52.42265|10
52.5349|10
52.63754|0
52.74207|0
52.85099|0
52.95433|0
53.0565|0
53.16774|0
53.27088|10
53.37115|0
53.4847|0
53.58771|0
53.68937|0
53.80108|0
53.90419|0
54.00423|0
54.10435|0
54.21263|0
54.32076|10
54.42525|0
54.52933|0
54.63742|0
54.74338|10
54.84597|10
54.94685|0
55.05017|0
55.15626|0
55.26274|0
55.36731|0
55.47107|0
55.57211|0
55.67512|0
55.78127|10
55.88745|10
55.99072|0
56.09611|0
56.19738|0
56.30021|0
56.40468|0
56.51248|0
56.61274|0
56.72099|0
56.82272|0
56.92906|0
57.02913|0
57.12914|0
57.22929|0
57.33751|0
57.43837|0
57.54111|0
57.64585|10
57.74681|0
57.85419|0
57.96247|0
58.06387|10
58.17081|10
58.27921|0
58.38745|0
58.4918|0
58.59595|0
58.69741|10
58.79866|0
58.90415|0
59.01265|0
59.11591|0
59.22087|0
59.32099|0
59.42477|0
59.52902|0
59.6297|0
59.73306|0
59.83747|0
59.94565|0
60.04591|0
60.15412|0
60.25414|0
60.35749|0
60.46246|0
60.56249|0
60.66647|0
60.77074|0
60.87154|0
60.97943|0
61.08744|0
61.19573|0
61.29941|10
61.40409|0
61.51356|0
61.61662|0
61.72279|0
61.82897|0
61.93351|0
62.03768|0
62.13803|0
62.23968|0
62.34595|0
62.45393|0
62.5575|0
62.66743|0
62.77092|0
62.87218|0
62.97915|0
63.08745|0
63.19568|10
63.29579|10
63.40394|10
63.50476|0
63.61236|0
63.72069|0
63.82407|0
63.92553|0
64.02889|0
64.12904|10
64.23302|10
64.33721|10
64.44083|0
64.54151|0
64.64754|0
64.75467|0
64.85758|0
64.96227|0
65.06326|0
65.16663|0
65.27069|0
65.3724|0
65.47597|0
65.57893|0
65.68385|0
65.78602|0
65.88725|0
65.99004|0
66.10085|0
66.20396|0
66.30402|0
66.40935|0
66.5123|0
66.61405|0
66.7259|0
66.82885|0
66.92989|10
67.03374|0
67.13907|10
67.2457|10
67.34937|0
67.45398|0
67.56217|0
67.66707|0
67.7705|0
67.87063|10
67.97495|0
68.07903|0
68.18064|0
68.2831|0
68.38723|0
68.49673|10
68.60396|0
68.70582|0
68.81219|0
68.92068|0
69.02884|0
69.12907|0
69.23727|0
69.33742|0
69.44569|0
69.54582|0
69.6538|0
69.75488|0
69.85683|0
69.9622|0
70.06229|10
70.17063|0
70.27913|0
70.38733|0
70.4887|0
70.59611|0
70.7039|0
70.8039|10
70.90414|0
71.01218|0
71.11427|0
71.22076|0
71.32886|0
71.42907|0
71.53741|0
71.64552|0
71.75372|0
71.85911|0
71.9633|0
72.07034|0
72.17927|0
72.28722|0
72.38773|0
72.49171|0
72.59718|10
72.69878|10
72.80487|0
72.91238|0
73.01762|0
73.12254|0
73.22582|0
73.33318|0
73.43322|0
73.53767|0
73.63992|0
73.7454|0
73.84562|0
73.95383|0
74.05389|0
74.15402|0
74.26212|0
74.37035|0
74.47057|10
74.57878|0
74.68708|10
74.79234|0
74.89543|0
74.99543|0
75.10072|0
75.20369|0
75.30391|0
75.40913|0
75.51198|0
75.61469|0
75.72578|0
75.82867|0
75.92944|0
76.03545|10
76.14076|0
76.24165|0
76.34278|0
76.44531|0
76.54584|10
76.6507|0
76.75372|0
76.85447|0
76.96739|0
77.07029|0
77.17039|0
77.27064|0
77.37875|0
77.48244|0
77.59267|0
77.69608|0
77.80357|0
77.91203|0
78.01219|0
78.12045|0
78.2205|10
78.3206|0
78.42876|0
78.52908|0
78.63702|0
78.73979|10
78.8423|0
78.94546|0
79.0455|0
79.15182|0
79.25364|0
79.35793|0
79.45901|10
79.5619|10
79.67038|0
79.77548|0
79.87868|0
79.97874|0
80.08381|0
80.18723|0
80.29555|0
80.40383|0
80.51208|0
80.62041|0
80.72446|0
80.82868|10
80.93707|10
81.04553|0
81.15505|10
81.26208|10
81.36501|0
81.47048|0
81.57145|0
81.67329|0
81.78066|0
81.88684|0
81.99042|10
82.09563|0
82.19876|0
82.30637|0
82.41246|0
82.52039|0
82.62862|0
82.7289|0
82.83952|0
82.94534|0
83.05056|0
83.15356|0
83.26199|0
83.37044|0
83.47845|0
83.57861|0
83.67868|0
83.78691|0
83.89529|0
83.99543|0
84.10349|0
84.20354|0
84.30358|10
84.41193|0
84.51353|0
84.61671|0
84.72012|0
84.82021|0
84.92487|10
85.02861|0
85.12861|10
85.23392|10
85.33691|10
85.43827|0
85.54208|0
85.64528|0
85.75347|0
85.85785|0
85.96191|0
86.06216|0
86.16695|0
86.27023|0
86.37032|10
86.47493|10
86.57854|0
86.68674|0
86.79102|0
86.89504|0
86.99516|0
87.09531|10
87.20334|10
87.30344|0
87.40363|0
87.51175|0
87.61177|0
87.71649|0
87.82008|10
87.92024|0
88.02453|10
88.12836|0
88.23145|0
88.33308|0
88.43803|10
88.54518|0
88.6454|0
88.75352|0
88.86199|0
88.96908|0
89.07021|0
89.17393|0
89.27847|0
89.37965|0
89.48679|0
89.58806|0
89.69512|10
89.79711|0
89.90341|0
90.00391|0
90.11168|0
90.21249|0
90.32066|10
90.42876|10
90.53197|0
90.64295|0
90.74505|10
90.84505|10
90.94528|10
91.04694|10
91.15345|0
91.26169|0
91.36181|0
91.4702|0
91.5746|10
91.67848|0
