0|78
0.1332241|77.98238
0.2348768|77.84686
0.3350785|77.72519
0.4432677|77.63985
0.5433148|77.57095
0.6516476|77.32665
0.7602861|77.08076
0.8683363|76.84695
0.972825|76.63284
1.082518|76.22459
1.184844|75.11208
1.285046|73.3458
1.39037|70.96197
1.496123|68.56532
1.601529|66.43861
1.706598|65.11359
1.810057|64.60781
1.918254|64.92276
2.023468|65.67033
2.126603|66.40312
2.230182|66.8646
2.335139|66.9105
2.444827|66.48746
2.55148|65.6904
2.653013|64.73862
2.766279|63.37056
2.870628|62.45937
2.976561|61.55712
3.085286|60.5314
3.193244|59.35929
3.293284|58.15373
3.393325|57.34904
3.496297|56.42675
3.601515|55.35662
3.710122|54.11082
3.810242|52.8936
3.910606|51.70494
4.018251|50.47926
4.126519|49.30212
4.227024|48.26291
4.335134|47.20657
4.443094|46.21958
4.543216|45.36872
4.651906|44.52024
4.759782|43.76139
4.860014|43.13034
4.968096|42.5322
5.077036|42.02046
5.184943|41.52409
5.293284|41.0589
5.401512|40.70275
5.501519|40.47151
5.601529|40.33015
5.70752|40.30353
5.809741|40.72284
5.909857|41.33015
6.010068|41.69556
6.118395|41.68005
6.226619|41.40636
6.332002|41.00263
6.434716|40.52324
6.544523|40.04492
6.651463|39.68506
6.753323|39.46873
6.860024|39.15236
6.960514|38.73482
7.068717|38.3578
7.169891|38.08015
7.270195|37.8794
7.376879|37.74813
7.477024|37.65114
7.58637|37.53553
7.687028|37.45921
7.793843|37.40819
7.901315|37.26796
8.002157|36.7942
8.109888|36.09705
8.218454|35.50393
8.323871|35.02337
8.430131|34.57367
8.535044|34.16521
8.643232|33.78231
8.743237|33.46711
8.851537|33.16429
8.95155|32.91746
9.059747|32.70211
9.168056|32.70506
9.276368|32.92553
9.384889|33.19292
9.49295|33.36597
9.593292|33.42426
9.693336|33.2253
9.801409|32.59382
9.909831|31.7254
10.01568|30.85845
10.11791|30.06247
10.21818|29.32708
10.32392|28.59942
10.42622|27.94552
10.52639|27.43889
10.63213|27.25297
10.73459|27.35787
10.8346|27.64272
10.9434|28.14055
11.05127|28.60345
11.15959|28.88823
11.26231|28.81471
11.36791|28.72936
11.46813|28.7431
11.56976|28.78974
11.67633|28.86264
11.78462|28.97528
11.88829|29.13713
11.99295|29.51683
12.09361|29.90677
12.20122|30.33453
12.30164|30.74332
12.40959|31.19319
12.51365|31.63769
12.61796|32.20073
12.72632|32.8835
12.82741|33.51458
12.93464|34.15683
13.04294|34.55556
13.15128|34.49705
13.25133|34.04074
13.35974|33.38518
13.4614|32.72293
13.56792|32.0568
13.67625|31.41542
13.77845|30.79038
13.88454|30.19478
13.99292|29.66023
14.09561|29.23204
14.20124|28.90878
14.30959|28.58492
14.41388|27.76268
14.51814|26.85659
14.62626|26.03414
14.7275|25.39919
14.83477|24.87659
14.94286|24.55729
15.04298|24.64172
15.15162|25.14434
15.25966|25.7596
15.36002|26.53062
15.47252|27.627
15.57603|28.735
15.67625|29.83458
15.77645|30.89351
15.88454|32.14931
15.98492|33.40764
16.09311|34.85335
16.19364|36.268
16.29575|37.76622
16.40211|39.38335
16.50949|40.81163
16.60999|41.67496
16.71807|42.20861
16.81878|42.57764
16.91957|42.95966
17.02607|43.37799
17.12622|43.7988
17.2311|44.33508
17.33435|44.87033
17.43663|45.40315
17.54332|45.96172
17.65114|46.52883
17.75716|47.08908
17.86018|47.63583
17.96806|48.21074
18.07613|48.789
18.17725|49.32549
18.28475|49.59971
18.39278|49.41615
18.49289|48.82323
18.60127|47.79622
18.70952|46.69786
18.80966|45.65617
18.90976|44.67638
19.0178|43.71335
19.12613|42.84885
19.23181|42.01973
19.33432|40.99439
19.43481|40.41313
19.54774|40.45781
19.65105|40.63658
19.75119|40.85942
19.85129|41.13031
19.95948|41.48438
20.06057|41.86286
20.16796|42.28578
20.27608|42.7142
20.37803|43.12739
20.49053|43.58344
20.59271|43.99738
20.69382|44.40832
20.80576|44.86335
20.90938|45.2816
21.01772|45.68052
21.12621|45.69296
21.23433|45.65981
21.33447|45.60855
21.43819|45.50645
21.54357|45.43084
21.65117|45.38162
21.75961|45.36034
21.86772|45.36708
21.96881|45.21278
22.07015|44.98038
22.17656|44.77925
22.28433|44.61357
22.38451|44.50369
22.49275|44.45953
22.59335|44.75927
22.701|45.19509
22.80106|45.61395
22.9093|46.08157
23.00943|46.52506
23.1095|46.97778
23.2103|47.44017
23.31768|47.93478
23.42659|48.34602
23.53434|48.76844
23.63439|49.17237
23.74293|49.59978
23.84313|49.99096
23.94586|50.40676
24.05104|50.70228
24.15108|50.59503
24.25406|50.37712
24.35925|49.92702
24.45933|48.91655
24.55939|47.38972
24.66778|45.7399
24.77607|44.14149
24.88421|42.59806
24.98425|41.22269
25.0927|39.79144
25.19604|38.49163
25.30125|37.18992
25.40935|35.78611
25.51768|34.48983
25.61801|33.40673
25.72599|32.29951
25.82937|31.28058
25.93452|30.29583
26.03528|29.53191
26.13611|29.12076
26.24378|29.06005
26.351|29.22582
26.45328|29.487
26.55955|29.65339
26.66775|29.4942
26.76791|29.0429
26.88119|28.27983
26.98418|27.37261
27.08434|26.45059
27.18456|25.66946
27.29264|25.08595
27.3939|24.74425
27.50118|24.6046
27.60929|24.69902
27.71762|25.02775
27.81788|25.53601
27.92605|26.28661
28.03447|27.1973
28.13452|27.94793
28.24264|28.55423
28.35081|29.23155
28.45552|30.46402
28.55916|32.25884
28.65967|34.1454
28.77245|36.18063
28.87579|37.60727
28.97581|38.61232
29.08073|39.31345
29.18411|39.89945
29.29255|40.52774
29.39696|41.14527
29.50099|41.77235
29.60928|42.43699
29.71502|43.09718
29.81753|43.74725
29.91863|44.39762
30.02178|45.03784
30.12753|45.34591
30.23412|45.21883
30.33444|44.74653
30.44245|44.216
30.54251|43.79988
30.6468|43.47189
30.75129|43.25272
30.85922|43.13012
30.95938|42.92725
31.0674|42.64057
31.16916|42.52668
31.27153|42.39108
31.37587|42.30127
31.47711|42.27421
31.58074|42.30625
31.68408|42.40158
31.78412|42.55769
31.88428|42.77742
31.99237|43.0809
32.09366|43.49762
32.20618|43.93592
32.30909|44.25879
32.40919|44.59556
32.50937|44.9666
32.61745|45.40066
32.71915|45.70265
32.83189|46.04582
32.93525|46.30465
33.04298|46.53085
33.15092|46.78004
33.25145|47.03425
33.35962|47.32997
33.4652|47.65605
33.56743|47.82222
33.66806|48.02391
33.77232|48.59721
33.87666|49.31473
33.98428|50.13393
34.08839|51.00794
34.19252|52.08955
34.296|53.26508
34.4025|54.51261
34.50955|55.80251
34.61051|57.05158
34.71799|58.41388
34.81846|59.7113
34.92568|61.12088
35.02628|62.46243
35.135|63.67783
35.23558|64.3366
35.33819|64.38182
35.44256|64.08074
35.54277|63.66548
35.6431|63.21837
35.75172|62.78502
35.8595|62.40775
35.96802|62.08519
36.06831|61.84032
36.1761|61.5872
36.27732|60.99469
36.38413|60.39309
36.49247|59.85376
36.59827|59.39322
36.70068|59.01442
36.80147|58.70838
36.9049|58.4656
37.00931|58.30067
37.10949|58.23765
37.50969|59.3739
37.61219|59.82495
37.72052|60.10439
37.82116|60.18457
37.92118|60.17739
38.02351|60.06274
38.12975|59.99965
38.23684|60.00527
38.34038|60.07678
38.45506|60.23106
38.56263|60.44157
38.66266|60.60462
38.76276|60.69739
38.86451|60.75499
38.97225|60.69476
39.0796|60.62304
39.18058|60.56781
39.28844|60.51717
39.39583|60.47863
39.50378|60.55392
39.60592|60.96186
39.7125|61.20497
39.82034|61.06469
39.92845|60.74672
40.02853|60.33807
40.12873|59.82327
40.23682|59.23522
40.34514|58.69667
40.44546|58.2449
40.55345|57.81025
40.65348|57.45649
40.7537|57.15033
40.8618|56.87154
40.9702|56.64246
41.07706|56.46947
41.17844|56.22945
41.27847|55.88666
41.37871|55.55469
41.48679|55.1782
41.58931|54.82359
41.69541|54.48461
41.80363|54.1687
41.90445|53.90206
42.012|53.64742
42.11999|53.42313
42.22017|53.24359
42.32045|53.08199
42.42849|52.73964
42.52858|52.19073
42.63734|51.31436
42.74497|50.23843
42.84752|49.21334
42.95878|47.60378
43.06207|45.31012
43.16996|44.48756
43.27869|44.41806
43.38663|43.80745
43.48682|42.82289
43.59137|41.77791
43.69518|40.42656
43.80351|38.17604
43.90365|36.88639
44.01161|36.92902
44.1119|36.48935
44.22017|35.33122
44.32825|33.30534
44.42853|32.23513
44.5318|32.11054
44.63673|31.3261
44.74543|29.7103
44.85329|27.27343
44.95329|26.65234
45.06168|26.5574
45.16172|26.02944
45.27005|24.76656
45.3701|22.8402
45.47356|20.35705
45.57824|17.8516
45.67835|15.51075
45.78694|13.64092
45.89495|12.67086
45.99502|12.53327
46.09921|13.08414
46.20356|13.6855
46.31169|13.59369
46.42015|12.52027
46.52827|10.59671
46.63675|8.099339
46.74497|5.859673
46.84505|4.616349
46.95335|4.399699
47.05355|4.829827
47.16175|5.420308
47.26985|6.000313
47.36998|6.495894
47.47825|7.032292
47.5784|7.527144
47.6866|8.021062
47.78815|8.423786
47.89501|8.898148
47.99588|9.386941
48.10358|9.941112
48.21171|10.5281
48.32001|11.14328
48.4263|11.74514
48.52818|12.25394
48.62869|12.71508
48.74205|13.24597
48.84493|13.73747
48.9464|14.22995
49.05856|14.78553
49.16153|15.29735
49.27001|15.76419
49.37838|16.23733
49.47842|16.68194
49.58668|17.16945
49.69512|17.65668
49.80321|18.16625
49.91159|18.70753
50.01183|19.24144
50.11212|19.78669
50.21992|20.37329
50.32841|20.96694
50.42841|21.51579
50.53658|22.1006
50.63672|22.58456
50.7448|22.6743
50.84489|22.58508
50.94507|22.41216
51.05313|21.9143
51.15315|20.99197
51.25338|20.11639
51.35489|19.40584
51.46159|18.86605
51.56167|18.56623
51.6698|18.47745
51.76995|18.61331
51.87008|18.94592
51.97814|19.2703
52.08006|19.73246
52.18666|20.41857
52.29517|21.29847
52.40331|22.34075
52.51159|23.53054
52.62006|24.85634
52.72068|26.22701
52.82813|27.71002
52.92912|29.12024
53.0366|30.64061
53.13674|32.06925
53.24496|33.4085
53.35333|34.33882
53.45333|34.93853
53.55346|35.44087
53.66156|35.98329
53.7697|36.52579
53.87498|37.05156
53.97812|37.5693
54.07819|38.06803
54.18427|38.60099
54.28657|39.08303
54.39487|39.54935
54.49509|39.98513
54.6032|40.4599
54.71147|40.94051
54.8168|41.41705
54.91969|41.90059
55.01989|42.4053
55.12004|42.91209
55.2282|43.46107
55.32937|43.97699
55.43671|44.52505
55.54482|45.07869
55.65318|45.63514
55.75343|46.14754
55.86137|46.68642
55.96322|46.9989
56.07048|46.89723
56.17808|46.39791
56.27919|45.83964
56.39371|45.21373
56.49478|44.73462
56.59499|44.33221
56.69955|43.99281
56.80353|43.72692
56.90428|43.44797
57.00945|43.21541
57.1113|43.0537
57.21405|42.95459
57.32468|42.91867
57.42799|42.94862
57.5285|43.04508
57.6356|43.2194
57.73681|43.4528
57.83742|43.7536
57.94717|44.22275
58.05404|44.65953
58.17078|45.15865
58.27193|45.49665
58.37817|45.88654
58.47821|46.27547
58.58199|46.5451
58.68712|46.86013
58.7894|47.11725
58.89524|47.3382
59.00311|47.58697
59.10424|47.84255
59.20667|48.12257
59.3114|48.44049
59.41976|48.57091
59.52219|48.74091
59.62809|49.28171
59.73647|49.99376
59.83659|50.72604
59.94476|51.59841
60.04482|52.6224
60.14661|53.74435
60.25306|54.9548
60.36169|56.22663
60.46723|57.49521
60.57014|58.76497
60.67838|60.12912
60.78665|61.52031
60.89188|62.89356
60.99466|64.13808
61.10675|64.90321
61.21183|64.8587
61.31967|64.47282
61.42814|63.98311
61.532|63.52533
61.63631|63.11797
61.73651|62.77256
61.84005|62.46688
61.94477|62.21253
62.0531|61.83789
62.15311|61.22636
62.26138|60.63112
62.36969|60.10704
62.47832|59.65067
62.58624|59.26696
62.68656|58.98256
62.78978|58.76348
62.89472|58.62075
63.00299|58.65184
63.10685|58.94133
63.21158|59.30174
63.31369|59.57627
63.41379|59.7216
63.52007|59.72844
63.62159|59.63508
63.72908|59.58997
63.83652|59.58249
63.94563|59.47801
64.04806|59.44311
64.15781|59.47572
64.26123|59.57261
64.36345|59.68723
64.47345|59.73715
64.57843|59.73553
64.68617|59.74423
64.79206|59.7711
64.89451|59.67584
64.99638|59.54142
65.10922|59.41073
65.21113|59.30672
65.31251|59.21914
65.42361|59.17087
65.52778|59.4943
65.62794|59.76672
65.72815|59.71596
65.83633|59.21903
65.937|58.59047
66.04487|57.80281
66.15307|56.87367
66.25401|55.88017
66.36514|54.77242
66.46946|53.73273
66.57109|52.71998
66.68195|51.61548
66.78613|50.57766
66.88739|49.60707
66.99884|48.7239
67.10308|48.0623
67.21249|47.43289
67.3147|46.90474
67.41502|46.44466
67.51967|46.02813
67.62473|45.67677
67.72919|45.39534
67.83823|45.17521
67.93947|44.98707
68.04486|44.8396
68.14683|44.70668
68.25064|44.53045
68.3528|44.22921
68.45512|43.9083
68.56499|43.61362
68.66951|43.38772
68.77346|43.20444
68.87503|43.05385
68.97775|42.9305
69.07849|42.83804
69.19044|42.76865
69.29458|42.73576
69.39606|42.73158
69.49896|42.58442
69.6028|42.15796
69.70586|41.44413
69.81529|40.38202
69.91942|39.20184
70.01968|37.36684
70.1243|34.82001
70.22776|35.06417
70.32802|34.90624
70.42805|34.33516
70.53615|33.00315
70.6374|31.29819
70.74484|31.58503
70.85281|31.0211
70.96106|29.89115
71.06528|28.01191
71.16963|26.54644
71.26968|26.84101
71.36975|26.67086
71.47793|25.75536
71.58615|23.93652
71.69022|21.49985
71.79457|19.00172
71.89713|16.5645
72.01113|14.39977
72.11163|13.302
72.21958|12.99665
72.32487|13.49262
72.42766|14.16685
72.52946|14.32771
72.63105|13.7223
72.7374|12.15444
72.84443|9.797177
72.94606|7.479599
73.05277|5.819182
73.15425|5.092769
73.25747|4.914941
73.36282|4.943745
73.46947|5.339147
73.57813|5.836127
73.68603|6.380778
73.78957|6.891413
73.89637|7.415062
74.00263|7.936439
74.10287|8.379226
74.20629|8.852806
74.31104|9.359534
74.41381|9.87737
74.51539|10.40179
74.61927|10.95132
74.7207|11.4982
74.82446|12.0212
74.92761|12.34726
75.03613|12.81092
75.14027|13.27735
75.24469|13.76101
75.34533|14.2403
75.45704|14.78686
75.56097|15.3103
75.66109|15.82423
75.76133|16.34803
75.86929|16.92022
75.97117|17.47175
76.08207|18.15765
76.18593|18.79962
76.2861|19.2951
76.38624|19.78982
76.49437|20.32332
76.59476|20.81977
76.70296|21.34571
76.81101|21.62876
76.91103|21.60598
77.01134|21.61744
77.11956|21.70829
77.22047|21.86553
77.3279|22.10814
77.436|22.42804
77.53732|22.794
77.6482|23.26427
77.7526|23.76991
77.85276|24.30868
77.95295|24.89676
78.06103|25.58235
78.16229|26.27073
78.26979|27.04808
78.37767|27.86822
78.47834|28.66497
78.58624|29.54734
78.68705|30.32232
78.78963|31.14905
78.89581|31.89134
79.00265|32.42257
79.10627|32.88774
79.21122|33.36487
79.31219|33.82852
79.42|34.33265
79.52792|34.79875
79.63597|35.1875
79.73918|35.5784
79.84459|35.99665
79.94528|36.41021
80.04771|36.85197
80.14798|37.35725
80.25266|37.9149
80.36104|38.49549
80.46114|39.0344
80.56191|39.57945
80.66261|40.12653
80.76919|40.70811
80.87004|41.26076
80.97762|41.8526
81.07772|42.40543
81.17967|42.89599
81.28037|43.0094
81.38087|42.80272
81.48581|42.38974
81.58938|41.9103
81.69412|41.4617
81.79443|41.04434
81.89778|40.67767
82.00255|40.37329
82.10288|40.14678
82.20673|39.98047
82.31081|39.88819
82.41092|39.86758
82.51514|39.91209
82.61914|40.02181
82.71949|40.19379
82.81952|40.43268
82.92763|40.76312
83.036|41.10939
83.13628|41.41991
83.24426|41.79354
83.34614|42.18296
83.4529|42.6279
83.56096|43.11353
83.66915|43.57978
83.7739|43.90976
83.87756|44.26848
83.97768|44.52069
84.08174|44.76328
84.18585|45.02229
84.28586|45.28797
84.39017|45.58453
84.49419|45.89473
84.59453|46.00369
84.70657|46.31002
84.81086|47.01257
84.91151|47.87619
85.0234|48.9311
85.12752|50.00789
85.22755|51.25771
85.32771|52.56116
85.43588|54.00624
85.5374|55.39481
85.64446|56.89109
85.7526|58.42984
85.8531|59.85349
85.96111|61.17474
86.06201|62.04898
86.16587|62.63302
86.27067|62.98074
86.37762|62.89737
86.47998|62.57174
86.58615|62.11737
86.68628|61.70582
86.7876|61.3297
86.89401|60.98837
86.9942|60.71989
87.09439|60.50125
87.20241|60.14919
87.30274|59.56164
87.40527|59.02498
87.51099|58.54089
87.61916|58.11622
87.72746|57.76367
87.82748|57.51041
87.93581|57.31902
88.03772|57.22369
88.1442|57.26388
88.25252|57.56276
88.36069|57.93453
88.4607|58.20026
88.56078|58.35799
88.66442|58.40209
88.76912|58.34376
88.87754|58.15154
88.97972|58.00791
89.08588|57.9267
89.19419|57.91555
89.29598|57.97115
89.40246|58.09999
89.50253|58.25925
89.60529|58.38323
89.7106|58.46089
89.81073|58.53294
89.91424|58.62387
90.02061|58.65932
90.12609|58.57949
90.23017|58.51295
90.33563|58.45761
90.43569|58.41056
90.53924|58.3787
90.64406|58.56929
90.74429|58.97818
90.84811|59.11967
90.9524|58.82957
91.06073|58.17362
91.16408|57.45404
91.26903|56.6057
91.37848|55.57311
91.48085|54.55283
91.58594|53.50566
91.69411|52.42793
91.80267|51.34645
91.91058|50.27161
92.0112|49.26955
92.1142|48.24396
92.22028|47.1879
92.32733|46.12246
92.42769|45.12382
92.53564|44.04993
92.63578|43.05389
92.74412|41.97667
92.85224|40.90192
92.95236|39.90695
93.05616|38.92176
93.16067|38.12393
93.26904|37.49831
93.37245|36.98237
93.47748|36.53897
93.58568|36.17028
93.6891|35.90284
93.79401|35.7192
93.90237|35.62485
94.00703|35.62852
94.11066|35.81915
94.21902|36.164
94.32204|36.57117
94.42728|36.79203
94.52776|36.64298
94.63067|36.23265
94.73571|35.56428
94.84407|34.73222
94.94742|33.98492
95.05235|33.27943
95.15236|32.66245
95.25561|32.08854
95.36052|31.58002
95.46062|31.1799
95.56456|30.93168
95.66904|30.27771
95.76966|29.64658
95.8723|29.40919
95.97725|29.83575
96.08656|30.45824
96.18896|31.02571
96.29412|31.32686
96.40227|31.24336
96.50587|30.78205
96.6106|29.78395
96.712|28.06777
96.81477|26.69751
96.9189|27.18776
97.01892|27.12782
97.12421|26.44168
97.22715|24.88266
97.33063|22.59458
97.43975|19.9769
97.54404|17.48768
97.65223|15.32615
97.76064|14.0562
97.8608|13.67783
97.96121|14.04528
98.06328|14.72703
98.16899|15.06567
98.27739|14.58218
98.38067|13.30818
98.48556|11.09999
98.59388|8.576284
98.69726|6.809331
98.80229|5.868063
98.91058|5.547749
99.01417|5.354757
99.11892|5.566422
99.21898|6.014739
99.32232|6.512224
99.42725|7.026618
99.53561|7.556342
99.63906|8.064369
99.74392|8.536608
99.84393|8.97994
99.94708|9.468126
100.0522|9.989167
100.1606|10.54495
100.264|11.09048
100.3689|11.65694
100.4772|11.64058
100.5808|10.54066
100.6855|9.183771
100.787|8.416306
100.8898|8.053677
100.9952|7.950109
101.1022|8.074332
101.2111|8.394893
101.3189|8.764015
101.419|9.184049
101.5212|9.61212
101.6271|9.985503
101.7357|10.39579
101.8441|10.85654
101.9521|11.35682
102.0522|11.85718
102.1549|12.39612
102.2605|12.97911
102.3689|13.59938
102.4707|14.13422
102.577|14.66537
102.6772|15.16588
102.7797|15.67858
102.8855|16.20732
102.9938|16.74873
103.0961|17.26011
103.2022|17.79053
103.3105|18.33108
103.414|18.84751
103.5189|19.37091
103.6272|19.91109
103.7294|20.4205
103.8354|20.93934
103.9359|21.43029
104.0386|21.93418
104.1456|22.45955
104.2543|22.99391
104.3614|23.52184
104.462|24.01769
104.5689|24.54526
104.6695|25.04125
104.7817|25.59609
104.8857|25.95703
104.9859|25.92168
105.0907|25.55781
105.1937|25.24467
105.2974|25.01349
105.4062|24.86403
105.5116|24.81062
105.6189|24.93102
105.7222|25.37319
105.8271|25.86969
105.9278|26.41258
106.0315|27.01777
106.1354|27.66242
106.2373|28.32863
106.348|29.088
106.452|29.83557
106.552|30.58364
106.6561|31.36706
106.7605|31.85138
106.8686|31.92618
106.9737|31.56611
107.0763|31.09445
107.181|30.80709
107.2879|30.73179
107.3957|30.80823
107.4978|30.83407
107.6017|30.71538
107.7029|30.53439
107.8083|30.4061
107.915|30.3391
108.0188|30.33538
108.1205|30.39056
108.2234|30.5002
108.3363|30.68655
108.4371|30.91654
108.5436|31.2175
108.6521|31.5895
108.7522|32.01402
108.8603|32.52746
108.9603|33.04427
109.0604|33.59908
109.169|34.24231
109.2772|34.92126
109.3775|35.48369
109.4854|36.09205
109.5856|36.71321
109.6938|37.44074
109.8021|38.22599
109.9023|38.99934
110.0027|39.81498
110.1041|40.67842
110.211|41.48989
110.3187|42.2608
110.4208|42.75429
110.5272|43.1332
110.6284|43.50413
110.7302|43.89394
110.8377|44.37086
110.9437|44.91909
111.0463|45.45264
111.1523|46.00698
111.2526|46.53422
111.3566|47.08315
111.4607|47.6354
111.5613|48.17142
111.6646|48.72348
111.7685|49.28201
111.8782|49.85032
111.9794|50.05722
112.087|49.83218
112.188|49.4734
112.2889|49.11783
112.3939|48.80832
112.5028|48.56535
112.6083|48.4004
112.7147|48.30631
112.819|48.2846
112.9271|48.02546
113.0305|47.70303
113.1358|47.43212
113.2381|47.11837
113.3469|46.84971
113.447|46.66796
113.5526|46.5481
113.6559|46.50127
113.7608|46.53382
113.8622|46.7285
113.9623|47.09675
114.0687|47.54166
114.1768|48.04786
114.2804|48.57902
114.3912|49.26134
114.505|49.86333
114.6125|50.09823
114.7188|50.38081
114.827|50.72044
114.9281|51.08237
115.0354|51.51314
115.1383|51.96987
115.2441|52.48488
115.3444|52.9649
115.4518|53.32581
115.5534|53.72623
115.6602|54.20851
115.7606|54.71113
115.8684|55.3174
115.9702|56.07274
116.0768|56.96616
116.1791|57.85328
116.2854|58.80346
116.3936|59.79972
116.4941|60.75226
116.5942|61.7259
116.6995|62.77201
116.8024|63.81657
116.9107|64.93618
117.0187|65.95159
117.127|66.53931
117.2271|66.46514
117.3351|65.60653
117.4352|64.63372
117.5352|63.81454
117.6358|63.25259
117.744|62.80435
117.852|62.40515
117.9522|62.07977
118.0601|61.78008
118.1603|61.55731
118.2609|61.38389
118.3693|61.27653
118.4768|61.35749
118.5783|61.47876
118.6815|61.64618
118.7881|61.59197
118.8926|60.80233
118.9945|59.56678
119.1022|58.32503
119.2107|57.17669
119.3119|56.64272
119.4238|56.8923
119.5269|57.31674
119.6281|57.78811
119.731|58.32135
119.841|58.94514
119.9434|59.55684
120.0443|59.75349
120.1518|59.81218
120.2613|59.82644
120.3684|59.81747
120.4806|59.82558
120.5903|59.85023
120.6943|59.88828
120.7943|60.00706
120.8955|59.84617
120.9964|59.60575
121.097|59.39089
121.2021|59.1909
121.3102|59.0098
121.412|58.87318
121.5124|58.98659
121.6186|59.36587
121.7188|59.73452
121.827|60.15262
121.9351|60.58235
122.0388|61.00071
122.1437|61.43467
122.2437|61.85469
122.3463|62.20079
122.4518|62.53903
122.557|62.89371
122.6623|63.2657
122.7683|63.65686
122.8766|63.97887
122.9766|64.11513
123.0851|64.41027
123.1851|64.24001
123.2933|63.86521
123.3933|63.00254
123.4933|61.51047
123.5934|59.0431
123.7016|56.07854
123.8104|53.16193
123.9182|50.50901
124.0183|48.43541
124.1225|46.6629
124.2269|45.33286
124.3273|44.3282
124.4349|42.83783
124.5433|40.88636
124.6433|39.1053
124.7433|37.34613
124.8516|35.47066
124.9516|33.77196
125.0603|31.97323
125.1682|30.22874
125.2682|28.64575
125.3766|26.73507
125.4849|23.70875
125.5933|19.80219
125.6933|16.30499
125.7946|12.83914
125.9016|10.08164
126.0027|8.621123
126.113|9.367999
126.219|11.15797
126.3265|12.50278
126.4267|13.45728
126.535|14.40152
126.6351|15.25751
126.7434|15.31551
126.8517|14.54442
126.9599|13.97606
127.0682|14.67096
127.1765|15.81003
127.2849|16.84758
127.3851|17.65974
127.4932|18.52452
127.5933|19.49234
127.6933|20.17563
127.8017|20.7817
127.9018|21.45447
128.0098|22.35446
128.1099|23.33956
128.2183|24.53694
128.3194|25.76658
128.4265|27.16348
128.5267|28.53741
128.6353|29.8472
128.7433|30.9289
128.8517|32.00942
128.96|33.03191
129.0684|33.97244
129.1766|34.93384
129.285|35.92489
129.3932|36.69652
129.5028|36.75294
129.6099|36.40694
129.7142|36.27227
129.8182|36.68261
129.9264|36.9256
130.0265|35.79893
130.1265|33.88594
130.2349|31.70555
130.335|29.60677
130.4431|27.58532
130.5433|26.24829
130.6515|25.87278
130.7516|26.31882
130.8597|27.59902
130.9597|29.41753
131.0598|31.67271
131.1598|33.93833
131.2682|35.81666
131.3682|36.9969
131.4765|38.24675
131.5766|39.43497
131.6847|40.7526
131.7848|42.00017
131.8848|43.09908
131.9849|42.77226
132.0931|40.98178
132.1931|39.23679
132.3014|37.09044
132.4015|35.13145
132.5098|33.31418
132.618|31.66447
132.718|29.9689
132.8265|29.39029
132.9265|30.06804
133.0348|31.18392
133.1432|32.40031
133.2516|33.70629
133.3598|35.08253
133.4598|36.41087
133.56|37.72618
133.668|38.81776
133.768|39.94221
133.8683|41.28629
133.9765|42.95403
134.0847|44.62015
134.1931|46.35628
134.2931|47.56631
134.3932|48.57083
134.5014|49.65673
134.6014|50.65537
134.7098|51.74245
134.8098|52.75641
134.9181|53.86629
135.0268|54.90103
135.1347|55.25148
135.2349|54.59274
135.3431|53.02994
135.4432|51.05657
135.5513|49.18859
135.6514|47.62401
135.7598|46.15766
135.868|44.69579
135.9765|43.59575
136.0765|42.93462
136.1765|43.04174
136.2846|43.7878
136.3847|43.99412
136.4847|44.3392
136.5932|44.90912
136.7013|45.70316
136.8014|46.62613
136.9097|47.81579
137.0097|49.00383
137.1098|50.01286
137.2179|51.35287
137.3192|52.91055
137.4264|54.9971
137.5264|57.03426
137.6346|59.19705
137.7347|60.67266
137.843|61.67209
137.9514|61.67609
138.0597|60.69389
138.168|59.27374
138.2764|58.10717
138.3766|57.27395
138.4846|56.65117
138.5847|56.33731
138.6848|56.26927
138.793|56.59496
138.893|57.25473
138.9932|57.95402
139.1014|58.55534
139.2097|58.68493
139.318|58.72768
139.4263|58.81145
139.5346|59.01917
139.643|58.64028
139.743|58.10651
139.8512|57.70576
139.9512|58.16528
140.0512|59.02803
140.1605|60.00637
140.2679|60.98785
140.368|61.65919
140.4763|62.40528
140.5764|63.19381
140.6846|63.77837
140.7848|63.09067
140.893|61.01334
140.9931|58.0759
141.1012|56.15327
141.2014|53.53207
141.3097|50.42436
141.4179|47.24849
141.5263|44.21812
141.6345|41.38757
141.7345|39.51069
141.8346|38.7885
141.943|38.53404
142.043|38.24022
142.143|37.03238
142.2512|35.1654
142.3596|33.03526
142.4683|30.81409
142.5773|28.92195
142.6855|27.56248
142.7937|27.22842
142.9018|27.92008
143.0025|29.01573
143.1098|30.03553
143.2179|30.57015
143.319|30.90163
143.4229|31.39685
143.5285|32.28457
143.6345|33.19456
143.7345|34.06633
143.8345|34.97943
143.9345|36.11321
144.0346|36.5887
144.1346|36.09434
144.243|34.60194
144.3512|31.59401
144.4512|28.04051
144.5596|25.75521
144.6596|25.29317
144.7678|26.25876
144.8763|27.58713
144.9845|28.91525
145.094|29.55635
145.2016|28.38933
145.3018|26.11721
145.4096|21.94734
145.5111|17.34861
145.6179|13.29028
145.718|11.30152
145.8263|10.88118
145.9264|10.83408
146.0346|10.49873
146.135|9.151013
146.243|7.864438
146.3452|7.598756
146.4512|8.592519
146.5513|9.65529
146.6595|10.63388
146.7596|11.54863
146.8679|12.625
146.9761|13.76966
147.0761|14.84713
147.1762|15.80959
147.2845|16.84839
147.3846|17.81326
147.4847|18.6561
147.593|19.58211
147.7011|20.57857
147.8014|21.72832
147.9094|22.89688
148.0178|24.08545
148.1261|25.04738
148.2345|25.02843
148.3428|23.83155
148.4429|21.98849
148.5512|20.2426
148.6512|19.39454
148.7596|19.4261
148.8678|20.33043
148.9761|22.28719
149.0844|24.9985
149.1928|28.06929
149.3012|31.06506
149.4105|33.26629
149.5178|34.75135
149.6181|35.70955
149.7261|36.81562
149.8262|37.94756
149.9346|39.24409
150.0346|40.17265
150.1429|40.93533
150.2511|41.77351
150.3512|42.76907
150.4516|43.82877
150.5594|44.97507
150.6596|46.04802
150.7678|47.21451
150.8679|47.67222
150.976|46.24889
151.0761|44.34707
151.1845|42.50787
151.2927|41.29134
151.3928|40.48384
151.5013|39.84859
151.6095|39.51198
151.7179|39.48955
151.8262|39.77106
151.9344|40.34353
152.0426|40.9631
152.143|41.69071
152.2511|42.62551
152.3513|43.49202
152.4593|44.29697
152.5593|45.24639
152.6593|46.34742
152.7596|47.38427
152.8677|48.01424
152.9761|48.73319
153.0845|50.0961
153.1927|52.67548
153.2927|55.67539
153.4011|59.0719
153.5012|62.31152
153.6093|65.71501
153.7094|66.90974
153.8177|65.66817
153.9179|63.77435
154.026|62.11626
154.126|61.20738
154.2344|60.55076
154.3438|60.11723
154.4511|59.73261
154.5516|58.60965
154.6595|57.60048
154.7596|56.97229
154.8677|56.81056
154.9679|57.2223
155.0759|58.18163
155.1759|59.06055
155.2843|59.40633
155.3875|59.93641
155.4927|60.63661
155.5929|61.24123
155.7012|61.29367
155.8093|61.22674
155.9176|61.27131
156.0176|61.65115
156.1176|61.57976
156.226|60.74649
156.3343|59.64349
156.4343|58.47552
156.5426|57.16479
156.6427|56.15595
156.7509|55.29904
156.851|54.69321
156.9593|54.10469
157.0593|53.49711
157.1593|52.90438
157.2675|52.37013
157.376|51.95654
157.476|51.6554
157.5842|50.33122
157.6926|47.4669
157.7939|46.24089
157.901|44.38034
158.0095|42.05347
158.1175|38.28712
158.2175|33.62252
158.3177|29.54259
158.4259|26.78663
158.5259|25.80725
158.6263|26.1641
158.7347|26.95353
158.8427|26.08357
158.9427|23.85331
159.0508|19.81585
159.1509|15.12588
159.2511|11.11497
159.3592|8.872115
159.4593|7.987516
159.5677|7.11177
159.6768|6.83206
159.7841|7.275431
159.8854|8.083488
159.9926|9.179521
160.0939|10.38028
160.2008|11.41432
160.3014|12.43737
160.4092|13.55327
160.5095|14.39954
160.6175|15.42871
160.7176|16.54607
160.8178|17.65455
160.926|18.74167
161.0341|19.83691
161.1343|20.85242
161.2426|21.92358
161.3426|22.90686
161.4508|23.52187
161.5509|23.52331
161.6592|23.68331
161.7592|24.11466
161.8592|24.79511
161.9675|25.80833
162.0759|27.08528
162.1759|28.4491
162.2841|30.10068
162.3925|31.76495
162.4925|33.3902
162.6008|34.84544
162.7008|35.81414
162.8094|36.68581
162.9174|37.51913
163.0258|38.42262
163.1343|39.50761
163.2426|40.65551
163.3508|41.81178
163.4509|42.88861
163.5591|44.05832
163.6592|44.50296
163.7688|43.00568
163.8759|41.00286
163.9764|39.39137
164.0843|38.20752
164.185|37.46709
164.2924|36.98084
164.3935|36.81746
164.5009|36.96021
164.6092|37.35003
164.7094|37.71833
164.8174|38.38182
164.9174|39.18968
165.039|40.35735
165.1425|41.2893
165.2426|42.19732
165.3506|43.39956
165.4507|44.69659
165.5507|46.07138
165.6509|47.2813
165.7591|48.81143
165.8591|50.52678
165.9593|52.51911
166.0674|54.10072
166.1758|55.23932
166.2758|56.28312
166.384|57.30453
166.4841|57.35449
166.5925|56.7901
166.7008|55.91454
166.8091|55.28857
166.9173|54.94577
167.0258|54.08171
167.1339|53.29015
167.2339|52.86914
167.334|52.83585
167.4368|53.03925
167.5425|53.70432
167.6508|54.61816
167.7591|55.23435
167.8687|56.01249
167.9758|57.10679
168.0767|58.34494
168.1841|58.9165
168.2848|59.46998
168.3925|60.29678
168.4928|61.40513
168.6006|62.47407
168.7007|63.67463
168.8091|65.43128
168.9094|67.31907
169.0172|69.14105
169.1174|69.34849
169.2257|68.35727
169.3259|67.79558
169.4339|67.66228
169.534|67.2714
169.6424|66.65705
169.7506|66.34048
169.859|66.46234
169.959|66.7315
170.0672|67.13995
170.1673|66.71441
170.2756|64.76756
170.3757|61.57481
170.4757|57.32329
170.5758|53.35379
170.684|50.78893
170.7926|50.1842
170.901|51.0533
171.0092|52.27608
171.1173|53.39799
171.2174|54.06307
171.3256|53.84189
171.434|53.44459
171.5423|53.13385
171.6423|52.80897
171.7507|52.38873
171.8589|52.10839
171.9673|52.30888
172.0756|53.19354
172.1767|54.06451
172.284|55.02834
172.385|55.81252
172.4922|56.59219
172.5933|57.39806
172.7006|58.25313
172.8029|58.08688
172.9092|56.60801
173.0172|53.68056
173.1172|50.61192
173.2187|47.65268
173.3257|44.74136
173.4264|42.24147
173.5339|39.52305
173.6341|37.26228
173.7423|35.10471
173.8427|34.23344
173.9505|33.92672
174.0505|33.64637
174.159|33.58305
174.259|33.3101
174.3671|31.96814
174.4673|30.66114
174.5756|29.46796
174.6838|28.55703
174.7925|27.8686
174.9007|27.37473
175.009|27.06009
175.1173|27.03358
175.226|27.46741
175.326|27.8476
175.4338|28.39318
175.5338|29.29203
175.6422|30.51198
175.7422|31.95382
175.8507|32.88766
175.9588|31.95855
176.0672|30.5564
176.1678|29.69445
176.2756|29.67033
176.3838|29.70404
176.485|29.3869
176.5924|29.17435
176.693|29.21539
176.8004|29.51495
176.9011|30.02189
177.0089|30.81649
177.1171|31.89857
177.2256|33.1609
177.3337|34.55296
177.4422|35.8638
177.5507|37.40885
177.6588|39.156
177.7589|40.84871
177.8591|41.98664
177.9671|42.76951
178.0755|43.58368
178.1838|44.68055
178.2838|45.73072
178.3839|46.78877
178.4922|47.94007
178.5922|49.00968
178.6923|49.18329
178.7924|47.65627
178.9004|45.64121
179.0004|44.30478
179.1006|43.73831
179.2088|43.53774
179.3088|43.42053
179.417|43.4475
179.517|42.79958
179.6255|42.20191
179.7337|41.96964
179.8422|42.52245
179.9504|43.02371
180.0588|43.87369
180.167|44.79197
180.267|45.45009
180.3671|46.2918
180.4754|47.40429
180.5755|48.6026
180.6756|49.63739
180.7757|50.80003
180.8837|52.30844
180.9921|54.33165
181.0923|56.33908
181.2005|58.5811
181.3088|60.38421
181.4174|61.57225
181.5254|61.89076
181.6264|61.44019
181.7336|60.51801
181.8349|59.8259
181.9421|59.35855
182.0445|58.50543
182.1503|57.45352
182.2514|56.74972
182.359|56.41019
182.4596|56.96813
182.567|57.98532
182.6675|58.99987
182.7756|59.22208
182.8837|59.25937
182.9839|59.3028
183.0921|59.40179
183.1921|59.11916
183.3005|58.72252
183.4087|58.44921
183.517|58.96441
183.6253|59.85442
183.7254|60.7073
183.8254|61.57747
183.9336|62.28762
184.0421|63.04273
184.1503|63.88908
184.2503|64.33326
184.3503|63.5665
184.4617|61.36225
184.5693|58.20404
184.6753|56.16441
184.7754|55.47524
184.8836|54.55312
184.9837|52.75143
185.0919|50.71769
185.192|48.84589
185.3004|46.8327
185.4086|44.83491
185.5095|42.98765
185.617|41.03739
185.7253|39.09233
185.8337|37.17186
185.9432|35.26048
186.0503|33.42888
186.1506|31.75091
186.2588|29.97732
186.3671|28.23955
186.4672|26.47054
186.5695|24.65375
186.6752|23.92185
186.7757|24.30151
186.8839|24.32101
186.9919|23.01463
187.1003|20.60771
187.2003|18.4796
187.3004|17.52973
187.4086|18.00916
187.5089|19.71229
187.6169|22.40344
187.7253|25.14335
187.8337|27.53942
187.9357|29.57286
188.0419|31.21539
188.1503|32.50743
188.2503|33.54241
188.3515|34.58135
188.4585|35.78619
188.5586|36.94356
188.6669|37.91685
188.7753|38.61827
188.8836|39.37857
188.9919|40.32837
189.0919|41.38927
189.192|42.45934
189.3004|43.62711
189.4085|44.80097
189.5171|45.67638
189.6178|45.03375
189.7251|43.93433
189.8251|42.98408
189.9336|42.12777
190.0342|41.52453
190.1418|41.16259
190.2419|41.09833
190.3502|41.31796
190.4503|41.80094
190.5585|42.93021
190.6586|43.71677
190.7669|44.66478
190.8752|45.65663
190.9836|46.78541
191.092|47.79729
191.2002|48.44179
191.3085|49.36321
191.4168|50.55684
191.5169|51.88306
191.6251|53.68567
191.7252|55.67921
191.8335|57.88738
191.9418|59.84094
192.0502|61.1609
192.1584|61.75141
192.2585|60.56058
192.3669|58.43605
192.4751|57.12649
192.5836|57.56751
192.6848|58.62731
192.792|59.22039
192.8933|58.60387
193.0002|56.7209
193.1004|54.32
193.2084|52.00807
193.3089|50.15982
193.4168|48.30838
193.5174|47.10825
193.6254|46.27275
193.7338|45.68792
193.8418|46.0718
193.9502|46.94882
194.0584|47.9062
194.1669|48.50904
194.2752|49.21045
194.3835|50.13359
194.4835|51.14989
194.5839|51.98133
194.6918|53.00287
194.8005|54.38146
194.9084|56.22397
195.0168|58.25373
195.125|60.40192
195.2334|62.64282
195.3335|64.72722
195.4418|65.3418
195.5513|63.55421
195.6585|61.46357
195.7592|59.7462
195.8668|58.59142
195.967|57.97038
196.075|57.52271
196.1834|57.31508
196.2917|56.52271
196.3919|55.56361
196.5002|54.85489
196.6083|54.60788
196.7167|55.35152
196.8171|56.1862
196.9251|57.03813
197.0252|57.39642
197.1253|57.68541
197.2334|57.9367
197.3418|58.20174
197.4418|58.02597
197.5419|57.80122
197.65|57.62255
197.7502|58.37576
197.8584|59.45031
197.9585|60.31417
198.067|61.27879
198.1752|62.02609
198.2834|62.05112
198.3836|60.56458
198.4917|58.51837
198.5919|56.63097
198.7003|54.59866
198.8084|52.58203
198.9167|50.57382
199.0251|48.63819
199.1251|47.95856
199.2252|48.63541
199.3252|49.39729
199.4333|49.03756
199.5333|47.80501
199.6335|45.62819
199.7417|43.50739
199.8417|41.9419
199.9502|40.56786
200.0592|39.12025
200.1666|37.8599
200.2669|36.84258
200.375|36.68781
200.4754|36.65724
200.5835|36.53558
200.6918|36.13659
200.7999|35.54849
200.9002|35.14537
201.0084|34.87292
201.1095|34.78103
201.2166|34.90554
201.3168|34.4908
201.4251|34.06704
201.5334|33.98129
201.6421|34.15623
201.75|34.49233
201.8584|35.05207
201.9585|35.57232
202.0666|36.15705
202.175|36.43706
202.2832|35.9744
202.3917|35.6811
202.4917|35.60907
202.5917|35.72884
202.6918|36.03891
202.7999|35.86352
202.9017|34.18444
203.0025|31.04416
203.1091|26.47667
203.2166|22.5551
203.3249|20.55507
203.425|21.0412
203.5281|23.32406
203.6333|26.06059
203.7338|28.83369
203.8415|31.7619
203.9417|34.47609
204.0499|36.85335
204.1503|38.4215
204.2582|39.3638
204.3582|40.15493
204.4653|41.04787
204.5667|41.97387
204.6749|43.0194
204.7751|43.98909
204.8832|45.03686
204.9833|46.05366
205.0916|46.68938
205.2002|45.45145
205.3081|43.36165
205.4082|41.58878
205.5168|41.08995
205.6248|42.01467
205.7332|42.97293
205.8333|42.91675
205.9333|41.77115
206.0415|39.44744
206.1499|37.09122
206.2499|35.1571
206.3581|33.37302
206.4582|32.03225
206.5601|31.00554
206.6666|30.35397
206.7751|30.55773
206.8833|31.78103
206.9916|33.18969
207.0999|34.62572
207.1999|35.88115
207.3082|37.48298
207.4083|39.15135
207.5169|40.92753
207.6249|42.03355
207.7332|42.87667
207.8345|43.75593
207.9414|44.86985
208.0418|45.92447
208.15|47.06962
208.2503|48.13761
208.3583|49.13084
208.4584|48.67471
208.5667|46.67738
208.6748|44.61935
208.775|42.99408
208.8754|41.90985
208.9832|41.06831
209.0834|40.49307
209.1915|40.15584
209.2918|40.11547
209.3999|40.35629
209.5084|40.89159
209.6165|41.63102
209.7165|42.35574
209.8247|43.28939
209.9248|44.23154
210.0331|45.34849
210.1331|46.45716
210.2332|47.13445
210.3414|47.99687
210.4414|49.04632
210.5498|50.43884
210.6498|51.95704
210.7583|54.06223
210.8665|56.28697
210.9747|58.25681
211.0831|59.58676
211.1914|60.61581
211.2997|60.20932
211.3998|58.31583
211.5081|56.29754
211.6166|55.66721
211.7249|56.45464
211.8332|56.88049
211.9342|56.27308
212.0413|54.61673
212.1416|52.47512
212.2498|50.42978
212.3499|48.80165
212.458|47.05421
212.562|45.61581
212.6664|44.49454
212.7752|43.70119
212.8831|43.67377
212.9914|44.17984
213.0916|44.47081
213.1997|44.9164
213.3081|45.47801
213.4163|46.26803
213.5163|47.19513
213.6163|48.06348
213.7163|48.69009
213.8247|48.92923
213.9247|49.72367
214.0248|51.45694
214.133|54.16372
214.233|56.82716
214.3414|59.83421
214.4414|62.66031
214.5496|65.18438
214.6581|66.14705
214.7663|65.51215
214.8663|64.25472
214.9663|62.99428
215.0663|61.99522
215.1747|62.16106
215.283|62.94191
215.3913|63.19852
215.4914|61.94612
215.5996|58.74847
215.7083|54.96338
215.8083|52.64281
215.9163|51.89254
216.0165|52.60027
216.1248|53.66949
216.2338|54.87197
216.3414|55.58769
216.4415|56.2049
216.5496|57.16298
216.6502|58.4463
216.7581|59.04671
216.8587|59.6108
216.9662|60.4328
217.0663|61.70119
217.1746|63.50339
217.2747|65.2304
217.3829|67.15547
217.483|68.89674
217.5913|70.34576
217.6913|71.32601
217.7913|73.2859
217.8916|75.30075
217.9917|76.49127
218.1004|76.03129
218.208|74.05236
218.3163|72.05394
218.4165|70.39606
218.5248|68.82875
218.6268|67.58067
218.7341|66.51922
218.8415|65.37561
218.95|63.27044
219.0582|59.56663
219.1662|54.95937
219.2666|51.45119
219.3746|49.5531
219.4961|49.28065
219.599|50.28493
219.7016|51.3655
219.8082|52.45372
219.9187|52.8384
220.031|52.41416
220.1332|52.08562
220.2354|51.82683
220.3369|51.31288
220.4404|50.82215
220.5448|50.48677
220.6499|50.31448
220.7505|50.30665
220.8524|50.45539
220.9581|50.76895
221.0629|51.236
221.1741|51.81759
221.2749|51.57415
221.3783|51.16172
221.4831|51.20685
221.5926|52.3649
221.6995|54.44761
221.8032|55.82224
221.9084|55.0108
222.0096|52.40178
222.1169|47.98302
222.2249|42.8886
222.3332|39.36797
222.4333|37.66591
222.5368|37.47119
222.6418|38.414
222.7501|38.12222
222.8512|36.27288
222.9512|34.28893
223.058|31.55134
223.1609|27.54268
223.268|23.3551
223.3748|20.89943
223.4831|20.0507
223.5915|20.80701
223.6996|21.74904
223.8079|20.98909
223.9213|18.40352
224.0294|14.34311
224.1358|10.21606
224.2426|7.590989
224.3498|6.812326
224.458|7.570868
224.5595|8.684078
224.6612|9.693503
224.7665|10.65062
224.8666|11.38424
224.9667|12.28173
225.0678|13.33285
225.1748|14.54203
225.2761|15.59381
225.3772|16.67545
225.4838|17.85492
225.591|19.00642
225.694|20.02106
225.7946|21.01666
225.9|22.06293
226.0078|23.1358
226.116|23.98979
226.2206|24.1192
226.3251|24.1786
226.4255|24.50953
226.5372|25.1795
226.641|26.05593
226.7411|27.13214
226.8414|28.40772
226.9495|29.95512
227.0578|31.58531
227.158|33.14961
227.2661|34.84025
227.3661|36.01604
227.4664|36.87106
227.5691|37.55619
227.6745|38.29314
227.7754|39.0952
227.8831|40.20919
227.991|41.35845
228.0957|42.48174
228.1993|43.60101
228.3011|44.68053
228.4122|44.51044
228.516|42.65739
228.6245|40.79518
228.7287|39.47176
228.8328|38.61016
228.9412|38.00785
229.0462|37.72735
229.1493|37.74768
229.2497|38.10351
229.3533|38.75945
229.4577|39.27782
229.5581|40.02905
229.6625|40.95746
229.766|41.98965
229.8674|43.06798
229.9806|44.4208
230.0826|45.27881
230.185|46.16619
230.2954|47.41085
230.3996|48.84111
230.4997|50.43398
230.602|52.4107
230.7076|54.37009
230.809|55.67896
230.9123|56.71694
231.016|57.76419
231.1175|58.18602
231.2209|56.8875
231.3242|54.86715
231.4243|52.91433
231.5292|50.8723
231.6328|49.07142
231.7335|48.68287
231.8468|49.73557
231.9493|50.7089
232.0495|50.73873
232.1624|49.38834
232.2661|47.03659
232.3676|44.7457
232.47|42.70187
232.5744|40.93867
232.6744|39.58157
232.7792|38.50299
232.8828|37.60652
232.9839|37.43475
233.0887|38.32602
233.1909|39.38456
233.2909|40.47969
233.3954|41.36742
233.4992|42.44149
233.6053|43.75583
233.7124|45.25973
233.8159|46.60178
233.918|48.12429
234.0291|50.0294
234.1341|51.99806
234.2345|53.35423
234.3457|54.50864
234.4506|55.60412
234.5575|56.67131
234.6643|56.46428
234.7659|55.50325
234.8679|54.24778
234.9793|53.01217
235.0828|52.14757
235.1844|51.57864
235.2881|51.29193
235.3908|51.29896
235.4947|51.58848
235.6036|51.99426
235.7077|52.64811
235.8091|53.46582
235.9128|54.4026
236.0158|55.46189
236.1159|56.61775
236.2224|57.33218
236.3243|57.60436
236.4274|58.09559
236.5295|58.79898
236.6335|59.75455
236.7408|61.39264
236.8454|63.20345
236.9495|65.06252
237.0521|66.92934
237.1541|68.753
237.2576|69.60105
237.366|68.82139
237.4696|67.96327
237.5749|68.2948
237.6825|69.3695
237.7827|69.81026
237.8908|69.13132
237.9946|67.40764
238.0948|65.03726
238.2|62.70419
238.3009|60.6763
238.4076|58.75603
238.5159|57.00278
238.6241|55.5886
238.7242|54.60546
238.8244|54.21989
238.9267|54.70065
239.0325|55.06961
239.141|55.2683
239.242|55.17158
239.3428|55.13052
239.4491|55.16311
239.5493|55.25179
239.6493|55.44878
239.7574|54.97122
239.8658|54.36312
239.97|54.03601
240.0746|54.1134
240.175|53.77422
240.2772|52.86268
240.3824|51.84879
240.4825|50.8211
240.5859|49.81719
240.6907|49.0528
240.795|48.53077
240.9017|48.17821
241.0089|47.77728
241.1158|47.34517
241.2184|47.02279
241.3244|46.84168
241.4256|46.77161
241.5268|46.62648
241.6336|45.32365
241.741|43.17961
241.841|40.50496
241.9458|36.10293
