0|78
0.3533333|77.58818
0.4653944|76.26762
0.5687633|75.08643
0.6778563|73.86412
0.7819321|72.71143
0.8898882|71.53017
0.9950777|70.394
1.098086|69.29623
1.198413|68.26538
1.301076|67.26266
1.406627|66.28019
1.514843|65.3213
1.615525|64.43973
1.723228|63.49977
1.823342|62.63047
1.931412|61.69527
2.031455|60.82842
2.13994|59.83445
2.248108|58.7911
2.356568|57.74266
2.46467|56.69905
2.573129|55.65342
2.681616|54.60903
2.789804|53.56913
2.890033|52.60725
2.990123|51.64822
3.098084|50.6156
3.206511|49.42829
3.309819|47.51598
3.414619|44.99301
3.514716|43.06046
3.615001|41.92096
3.72304|41.58054
3.823343|42.00293
3.931715|42.56663
4.039801|42.51218
4.148086|41.54228
4.251512|39.76247
4.356365|37.3104
4.456504|35.01189
4.556709|33.37136
4.664812|32.46679
4.773147|31.55212
4.873301|29.88507
4.98159|27.38759
5.083189|25.53914
5.193585|24.46491
5.298146|24.33046
5.406441|24.43871
5.510462|24.59802
5.614775|24.80497
5.714808|25.05342
5.81869|25.36433
5.92319|25.7289
6.03136|25.88951
6.1333|25.3481
6.23976|24.12781
6.34811|22.88181
6.450285|21.90071
6.556421|21.10939
6.664839|20.03973
6.765847|18.56205
6.873001|16.48139
6.973049|14.14035
7.076164|11.67835
7.181513|9.242508
7.289804|7.340949
7.392562|6.393018
7.498093|6.149496
7.606403|5.988679
7.707564|5.789948
7.814989|5.499286
7.923072|5.138364
8.024073|4.817809
8.131382|4.438665
8.239625|4.07599
8.342706|4.138453
8.447865|4.666234
8.54893|5.045241
8.649634|4.897224
8.756829|4.125906
8.864751|3.037194
8.965066|3.096975
9.072948|4.064937
9.173202|4.864343
9.273875|5.597622
9.381429|6.089728
9.489561|6.373302
9.59256|6.728072
9.697988|7.161619
9.79834|7.61633
9.899951|8.081853
10.00746|8.59995
10.11497|9.14038
10.2152|9.655537
10.32293|10.2226
10.42297|10.75898
10.52468|11.29028
10.63138|11.81674
10.73962|12.35153
10.8397|12.84077
10.93975|13.33362
11.04803|13.86784
11.15628|14.40505
11.25636|14.90346
11.36476|15.44418
11.46488|15.94545
11.57296|16.48803
11.68113|17.03062
11.78124|17.52363
11.8813|17.95076
11.98958|18.42021
12.0981|18.90572
12.20626|19.40355
12.3063|19.87538
12.4063|20.35593
12.5148|20.88692
12.62293|21.42449
12.72304|21.9324
12.82308|22.44827
12.9313|23.01696
13.03132|23.55027
13.13133|24.09152
13.23954|24.68535
13.33971|25.24161
13.4479|25.84847
13.55625|26.42661
13.65637|26.92724
13.76463|27.46631
13.87402|28.00781
13.98129|28.4723
14.08951|28.93667
14.19787|29.41378
14.29951|29.87261
14.40629|30.22991
14.50633|30.24646
14.60644|30.28236
14.71477|30.38028
14.82309|30.53149
14.93122|30.40182
15.03453|29.57294
15.1395|28.57672
15.23955|27.74872
15.34431|27.03157
15.44781|26.4866
15.5479|26.12566
15.6513|25.88508
15.75615|25.64962
15.85626|25.70919
15.95647|25.97162
16.06466|26.20692
16.17287|26.4571
16.27317|26.70888
16.38125|27.00076
16.48957|26.90797
16.5898|26.12429
16.69779|24.76486
16.79792|23.57545
16.89807|22.43922
17.00623|21.27637
17.11477|20.19521
17.2262|19.19194
17.33121|18.3638
17.43964|17.6909
17.54458|17.58971
17.64775|17.61866
17.74927|17.71066
17.85132|17.87214
17.95752|18.09492
18.06447|18.3651
18.17139|18.67914
18.27274|19.0036
18.37291|19.35034
18.47307|19.64056
18.57438|19.95071
18.68107|20.312
18.78392|20.69279
18.88958|21.11432
18.99294|21.55634
19.09798|22.03343
19.19806|22.51134
19.30633|23.05394
19.41182|23.60524
19.51452|23.95004
19.61458|23.77127
19.71497|23.49516
19.81498|23.8034
19.92016|24.51563
20.02988|25.28428
20.13119|26.0097
20.23162|26.73562
20.34317|27.40623
20.44792|27.92214
20.55607|28.44008
20.68559|29.07134
20.78957|29.5863
20.88959|30.08817
20.98973|30.60288
21.09778|31.16192
21.20614|31.72889
21.30617|32.25463
21.40634|32.78398
21.51459|33.36218
21.62275|33.94221
21.72284|34.45162
21.82295|34.89204
21.92399|35.3591
22.031|35.8152
22.13115|36.24987
22.2326|36.62831
22.33948|36.62147
22.44778|36.5582
22.54804|36.55074
22.65598|36.59716
22.75615|36.69103
22.85838|36.84188
22.96444|37.05087
23.0645|37.29744
23.16451|37.58705
23.26465|37.89047
23.37296|37.76288
23.47562|36.97412
23.58114|35.81475
23.68116|34.81935
23.78448|33.92263
23.88934|33.16005
23.98938|32.57478
24.09338|31.91324
24.19776|31.27091
24.30608|30.72586
24.40942|30.28118
24.51577|29.81112
24.62267|29.1216
24.72636|27.97232
24.83101|26.72524
24.93118|25.6095
25.03126|24.55798
25.13232|23.56887
25.23929|22.61224
25.34098|21.79241
25.4477|21.06148
25.54968|20.8631
25.65627|21.03816
25.76449|21.27098
25.86458|21.52045
25.97333|21.82952
26.08123|22.16864
26.18954|22.53558
26.28961|22.89758
26.39769|23.30597
26.50606|23.73428
26.60645|24.1437
26.71437|24.59293
26.82284|25.05787
26.92286|25.49251
27.03114|25.97424
27.13924|26.18658
27.23951|26.13172
27.34772|26.13224
27.45597|26.19827
27.5596|26.32283
27.66438|26.50889
27.77262|26.76324
27.87601|26.97115
27.98088|27.21742
28.08102|27.51746
28.18141|27.88229
28.28917|28.33896
28.38925|28.82375
28.48926|29.36081
28.58937|29.92989
28.69756|30.41837
28.79763|30.8315
28.8979|31.25847
29.00598|31.73268
29.11423|32.2216
29.21431|32.68542
29.31436|33.16623
29.42267|33.69659
29.53099|34.23817
29.63104|34.74813
29.73936|35.30888
29.8477|35.87526
29.95616|36.3443
30.06424|36.86277
30.16448|37.36266
30.26585|37.85479
30.37262|38.30274
30.47403|38.37336
30.58094|38.29803
30.68117|38.27449
30.78915|38.29923
30.89077|38.28839
30.99749|37.60443
31.09764|36.42532
31.19765|35.29731
31.29775|34.26835
31.40591|33.2858
31.50884|32.47461
31.6142|31.76625
31.71444|31.19743
31.81584|30.79879
31.92262|30.95545
32.03089|31.29535
32.13365|31.72663
32.23948|32.27296
32.34779|32.9344
32.44878|33.467
32.55581|33.39569
32.65593|32.59853
32.75629|31.53153
32.86417|30.27533
32.96426|29.12925
33.06556|28.03151
33.17247|26.95331
33.28088|25.95631
33.38104|25.14
33.48911|24.66048
33.58931|24.51394
33.69137|24.43445
33.79754|24.41104
33.90601|24.45408
34.00848|24.54362
34.1143|24.68312
34.22261|24.87213
34.3241|25.08771
34.43079|25.32195
34.53092|25.54959
34.63453|25.83225
34.7393|26.16527
34.84753|26.55811
34.94932|26.96371
35.05597|27.35437
35.16428|27.80587
35.26436|28.22531
35.37238|28.67684
35.47247|29.04989
35.57262|28.90981
35.68076|28.21678
35.7809|27.62414
35.88246|27.172
35.98921|26.86652
36.08924|26.74442
36.19136|26.78458
36.29762|26.99746
36.40592|27.39738
36.50794|27.94153
36.61428|28.68736
36.71439|29.685
36.81583|30.88392
36.9225|31.99453
37.03255|32.78213
37.13921|33.52057
37.24738|34.27786
37.34751|34.98112
37.45218|35.72069
37.55588|36.46773
37.65594|37.19053
37.75935|37.95084
37.86425|38.74921
37.97258|39.58867
38.07654|40.40795
38.18108|41.24306
38.28915|42.08849
38.39154|42.6432
38.49744|43.04526
38.60576|43.38095
38.70637|43.59047
38.81402|43.74866
38.91412|43.90429
39.01764|43.63847
39.12226|42.52372
39.22239|40.69752
39.32385|38.67611
39.43063|36.5779
39.5308|34.63955
39.63231|32.71068
39.73912|30.73058
39.84753|28.78121
39.95027|27.00263
40.05579|25.43029
40.15924|24.64514
40.26166|24.07351
40.36752|23.61132
40.4676|23.3016
40.57328|23.11437
40.67365|23.07266
40.78078|23.17526
40.88128|23.41019
40.98904|23.80585
41.08913|24.29825
41.19078|24.91536
41.29751|25.67637
41.40576|26.55814
41.50955|27.5022
41.6149|28.54473
41.71893|29.64761
41.82467|30.72784
41.93486|31.21638
42.03939|31.01987
42.14398|30.79482
42.24739|30.63955
42.34785|30.5575
42.4557|30.5425
42.56438|30.60326
42.67231|30.74645
42.77241|30.95148
42.87252|31.22441
42.98072|31.58628
43.08886|32.01446
43.19096|32.47682
43.29742|33.01376
43.40574|33.61815
43.50713|34.22897
43.61411|34.78965
43.7224|35.24149
43.8243|35.67933
43.93064|36.14955
44.03905|36.64232
44.13923|37.10918
44.24725|37.63065
44.34746|38.12318
44.44763|38.62402
44.55553|39.0924
44.65573|39.54559
44.75721|40.02106
44.86959|40.56868
44.97888|40.82081
45.08069|40.86138
45.18903|40.95491
45.28905|41.00994
45.38911|41.07029
45.49739|40.54737
45.60574|39.38805
45.71407|38.25399
45.82283|37.21856
45.93063|36.3114
46.04028|35.51823
46.15118|34.85411
46.25585|34.36912
46.36408|34.05583
46.46773|34.1712
46.57238|34.33838
46.67243|34.59377
46.77585|34.95311
46.88055|35.4164
46.98062|35.78658
47.08587|35.54592
47.18881|34.65072
47.28911|33.73264
47.38926|32.97732
47.49754|32.35098
47.6058|31.79277
47.70976|31.09752
47.81391|30.21712
47.91411|29.38806
48.01767|28.87663
48.12218|28.69062
48.22231|28.5704
48.32633|28.4991
48.43049|28.48482
48.5306|28.51324
48.63083|28.58435
48.73888|28.70744
48.84721|28.8783
48.94748|29.05388
49.05555|29.23777
49.16382|29.47794
49.26405|29.74902
49.37213|30.09239
49.47215|30.45577
49.5808|30.89842
49.68881|31.38585
49.78889|31.88249
49.88917|32.41618
49.99713|32.95168
50.09718|33.26461
50.20581|33.59529
50.31409|33.38969
50.42221|32.47491
50.52642|31.65329
50.63052|31.38904
50.73072|31.63154
50.83488|32.35405
50.9389|33.36473
51.03906|34.36239
51.14278|35.4127
51.24756|36.4209
51.3557|37.51268
51.45708|38.4637
51.56382|39.05961
51.67201|39.44223
51.77241|39.80663
51.88034|40.20874
51.98045|40.58917
52.08097|40.97792
52.18875|41.40377
52.28885|41.80584
52.39045|42.23598
52.49719|42.59502
52.59729|42.92287
52.70062|43.2774
52.80554|43.65388
52.91396|44.06001
53.01718|44.45908
53.12227|44.89432
53.23058|45.45262
53.33241|45.97529
53.43998|46.26954
53.54715|46.29109
53.65229|46.29438
53.7555|46.07644
53.85575|44.5346
53.95918|43.5887
54.06397|42.63414
54.17216|41.65369
54.28044|40.67459
54.38872|39.70121
54.48886|38.80418
54.59702|37.81845
54.70549|36.74046
54.81368|35.65863
54.92211|34.57434
55.02225|33.57298
55.13033|32.49234
55.23871|31.40859
55.34694|30.32631
55.45544|29.24138
55.56362|28.1597
55.66366|27.15945
55.76375|26.1586
55.87217|24.92886
55.98511|23.30329
56.08998|21.78448
56.20432|20.27619
