0|78
0.1055648|77.94192
0.2266413|77.70258
0.3371177|77.53651
0.4400376|77.24398
0.547205|77.10223
0.6600961|76.69183
0.760734|75.37022
0.8633293|73.80261
0.9658169|72.27031
1.080498|70.58293
1.200221|68.85397
1.307912|67.3334
1.411735|65.88976
1.523474|64.0876
1.626583|62.06587
1.735769|59.88688
1.840273|57.80166
1.945371|55.70497
2.049822|53.62157
2.154936|51.52544
2.262815|49.3747
2.375065|47.13747
2.479821|45.0503
2.589439|42.8096
2.691648|40.57463
2.795715|38.41893
2.899898|36.58295
3.004915|35.01526
3.111471|33.80086
3.218927|32.59813
3.329349|30.2566
3.432944|26.38644
3.539803|22.46571
3.645168|19.05879
3.749641|15.98268
3.857182|14.64015
3.961886|15.04666
4.06867|15.7898
4.177179|16.4782
4.284791|16.29701
4.386539|16.00357
4.490916|16.34447
4.600952|17.36729
4.707973|18.91107
4.81467|20.82139
4.922343|23.0242
5.023538|25.25319
5.131669|27.05943
5.238335|28.21677
5.342403|29.24661
5.446257|30.2765
5.549587|31.29761
5.658123|32.15851
5.764656|32.38237
5.871397|32.59689
5.977727|33.01567
6.081124|33.89416
6.185097|34.87555
6.290877|35.94012
6.395117|37.05449
6.500444|38.2437
6.601916|38.82824
6.70749|38.46375
6.812515|37.19724
6.918964|35.91146
7.021135|34.73087
7.124745|34.18858
7.229516|33.93457
7.340172|33.31441
7.443653|31.2703
7.547699|27.79101
7.652132|24.06037
7.753857|20.76148
7.861153|18.29463
7.968586|17.79875
8.069296|18.04226
8.169724|18.82735
8.275455|20.16499
8.377017|21.8518
8.479571|23.82636
8.58554|26.15312
8.687146|28.21164
8.793083|29.65965
8.897334|30.66543
9.007895|31.73885
9.110045|32.73104
9.211528|33.50694
9.315799|33.72802
9.423352|33.97834
9.529673|34.38055
9.633148|35.19826
9.735898|36.15055
9.842882|37.21119
9.946388|38.29879
10.05313|39.47839
10.16121|40.06187
10.26396|39.61381
10.37855|38.13792
10.49321|36.86553
10.60338|36.41504
10.71353|35.37872
10.82512|34.82748
10.93372|33.9434
11.04582|30.92828
11.15432|27.14119
11.26376|23.66052
11.37217|20.74107
11.47924|19.7065
11.58483|19.59247
11.68706|20.04442
11.79003|21.0165
11.89542|22.47759
12.00051|24.32032
12.1056|26.46646
12.20753|28.6839
12.31104|30.86616
12.41569|32.40209
12.51792|33.38728
12.62232|34.3741
12.72244|35.21635
12.82538|35.5424
12.93305|35.85157
13.03976|36.29847
13.14516|36.91892
13.24549|37.79927
13.3489|38.77382
13.45207|39.8069
13.55711|40.9199
13.66467|41.79728
13.77601|41.57479
13.87774|40.35109
13.987|38.76186
14.09459|38.00625
14.19766|38.5634
14.29768|38.52754
14.40087|37.4063
14.50551|35.01706
14.60814|31.85069
14.71199|28.43382
14.81623|25.27443
14.91736|22.58984
15.0205|20.93447
15.12412|20.38305
15.22809|20.39452
15.33282|20.97741
15.43473|22.04984
15.53716|23.55651
15.64016|25.4343
15.74223|27.55604
15.8559|30.10503
15.95651|32.11281
16.06497|33.54324
16.16898|34.50699
16.27324|35.4785
16.37741|36.06292
16.47954|36.27733
16.58511|36.63097
16.68658|37.12175
16.78765|37.95621
16.8931|38.9017
16.99502|39.87824
17.09978|40.94327
17.20567|42.07629
17.30919|42.55479
17.41398|41.93288
17.51839|40.29996
17.62106|38.8353
17.72697|38.50344
17.83074|38.95208
17.93641|38.36751
18.0409|36.78507
18.14316|34.2563
18.25009|31.09236
18.35516|27.76125
18.45889|24.77959
18.56382|22.36669
18.66715|21.43623
18.76779|21.10289
18.87387|21.31675
18.97906|22.08547
19.0853|23.36636
19.19085|25.06349
19.29317|27.03548
19.39723|29.14412
19.5009|31.55007
19.60342|33.59086
19.70716|34.96399
19.81225|35.94818
19.91487|36.78622
20.01815|37.0962
20.12325|37.42646
20.22756|37.8766
20.33189|38.52467
20.43369|39.39824
20.53657|40.3409
20.64203|41.37121
20.74751|42.46328
20.85143|43.25857
20.9541|43.03268
21.06525|41.63021
21.16969|40.04177
21.2753|39.20101
21.37925|39.63814
21.48929|40.51955
21.59378|40.52096
21.69516|39.25584
21.79839|36.36463
21.90366|32.66851
22.00956|28.77267
22.11882|25.04398
22.21915|21.97285
22.33734|19.70687
22.44391|19.32063
22.55258|19.56763
22.66032|20.42089
22.76323|21.73451
22.87064|23.5436
22.97753|25.58694
23.08193|27.83969
23.18281|30.05617
23.29275|31.8109
23.39999|32.91306
23.51091|33.98822
23.61928|34.96824
23.71994|35.33166
23.8307|35.56586
23.93757|35.94384
24.04567|36.64425
24.14647|37.53332
24.24925|38.50843
24.35356|39.55663
24.46701|40.7618
24.57089|41.53373
24.67675|41.28036
24.78122|40.02617
24.88304|38.60257
24.98415|37.83727
25.08806|37.75861
25.19032|36.69996
25.29493|35.43595
25.39882|34.36686
25.50337|32.01299
25.60882|28.63297
25.71385|25.48095
25.81876|22.74053
25.92312|20.92167
26.03145|20.28472
26.14202|20.26097
26.24248|20.78956
26.35293|21.92911
26.45401|23.41186
26.55638|25.26566
26.65651|27.25554
26.76472|29.65605
26.87265|31.7632
26.99074|33.24558
27.10323|34.30709
27.21224|35.32097
27.31447|35.81357
27.42409|36.06734
27.52842|36.44461
27.63898|37.10976
27.74154|37.98783
27.84348|38.92444
27.94504|39.91833
28.05807|41.09238
28.15861|42.06085
28.26114|42.14329
28.36229|41.18933
28.4647|39.58804
28.57427|38.48794
28.67611|38.84883
28.77839|39.4279
28.88574|38.94149
28.9942|37.04295
29.10473|33.63568
29.20754|30.12389
29.31005|26.72063
29.41442|23.59982
29.51842|21.12222
29.61906|20.26179
29.72354|20.03665
29.82699|20.38668
29.93063|21.28132
30.03349|22.64578
30.13436|24.36263
30.23687|26.41879
30.33943|28.64361
30.4421|30.89624
30.54472|32.55995
30.64567|33.59976
30.74817|34.55145
30.85127|35.46051
30.95428|35.84455
31.06792|36.14825
31.16979|36.55622
31.27333|37.22746
31.37554|38.10956
31.48031|39.08062
31.58262|40.09499
31.69231|41.24067
31.79336|42.09841
31.90015|42.01089
32.00445|40.9075
32.1121|39.25602
32.21361|38.369
32.31496|38.60087
32.42086|37.96332
32.53386|36.16051
32.64276|34.6463
32.74434|32.95116
32.84766|30.14546
32.95206|26.77822
33.05426|23.79913
33.15513|21.27025
33.25776|19.89933
33.36159|19.46366
33.46279|19.59466
33.56469|20.26971
33.6753|21.55428
33.77821|23.18351
33.88087|25.05534
33.98404|27.18763
34.08609|29.49837
34.18894|31.17727
34.29411|32.26062
34.39705|33.24713
34.49904|34.23039
34.60225|34.86347
34.70304|35.06189
34.8054|35.37741
34.90837|35.84807
35.01089|36.69307
35.11552|37.6402
35.21613|38.61475
35.31809|39.66357
35.42081|40.77013
35.52362|41.29006
35.63654|40.7079
35.73699|39.28841
35.84072|38.04722
35.94466|37.87228
36.04769|38.50767
36.15115|38.29684
36.26177|36.66938
36.36488|33.59924
36.46774|30.18801
36.5719|26.81815
36.67554|23.80695
36.79001|21.11672
36.89185|20.22076
36.9958|19.96605
37.1005|20.28766
37.20528|21.1597
37.30773|22.48626
37.40783|24.15658
37.5097|26.03456
37.61154|28.19431
37.71467|30.5671
37.82487|32.36243
37.92805|33.41348
38.03739|34.46197
38.14169|35.37243
38.24317|35.7011
38.35372|35.94763
38.45628|36.31615
38.55854|36.9407
38.66063|37.82515
38.77328|38.87694
38.88261|39.97287
38.98425|41.04725
39.08756|41.87489
39.18894|41.71114
39.29925|40.41853
39.40092|38.93479
39.5029|38.15665
39.60633|38.60246
39.71979|38.25793
39.82245|36.82661
39.92546|34.93507
40.03041|31.95721
40.13274|28.69689
40.23522|25.63653
40.33532|23.01891
40.43884|21.38853
40.5416|20.81375
40.64496|20.78244
40.74872|21.30391
40.85986|22.42631
40.96244|23.91566
41.06549|25.77025
41.16919|27.86096
41.27177|30.1293
41.37179|32.30204
41.47424|33.85667
41.57719|34.85423
41.68069|35.8209
41.78308|36.46152
41.88331|36.68316
41.984|37.01485
42.08498|37.47487
42.18526|38.2558
42.29311|39.20157
42.39394|40.15123
42.4982|41.19788
42.605|42.32378
42.71076|42.81777
42.81419|42.25378
42.91923|40.70871
43.02275|39.3149
43.12954|38.85568
43.23557|39.5031
43.3431|40.47501
43.44843|40.46379
43.55966|38.86673
43.6636|35.55254
43.76669|31.64015
43.86982|27.81998
43.97228|24.28657
44.0777|21.03457
