0|0
0.1055648|0
0.2266413|0
0.3371177|0
0.4400376|0
0.547205|0
0.6600961|0
0.760734|0
0.8633293|0
0.9658169|0
1.080498|0
1.200221|0
1.307912|0
1.411735|0
1.523474|0
1.626583|0
1.735769|0
1.840273|0
1.945371|0
2.049822|0
2.154936|0
2.262815|0
2.375065|0
2.479821|0
2.589439|0
2.691648|0
2.795715|0
2.899898|0
3.004915|0
3.111471|0
3.218927|0
3.329349|0
3.432944|0
3.539803|0
3.645168|0
3.749641|0
3.857182|0
3.961886|0
4.06867|0
4.177179|0
4.284791|0
4.386539|0
4.490916|0
4.600952|0
4.707973|0
4.81467|0
4.922343|0
5.023538|0
5.131669|0
5.238335|0
5.342403|0
5.446257|0
5.549587|0
5.658123|0
5.764656|0
5.871397|0
5.977727|0
6.081124|0
6.185097|0
6.290877|0
6.395117|0
6.500444|0
6.601916|0
6.70749|0
6.812515|0
6.918964|0
7.021135|0
7.124745|0
7.229516|0
7.340172|0
7.443653|0
7.547699|0
7.652132|0
7.753857|0
7.861153|0
7.968586|0
8.069296|0
8.169724|0
8.275455|0
8.377017|0
8.479571|0
8.58554|0
8.687146|0
8.793083|0
8.897334|0
9.007895|0
9.110045|0
9.211528|0
9.315799|0
9.423352|0
9.529673|0
9.633148|0
9.735898|0
9.842882|0
9.946388|0
10.05313|0
10.16121|0
10.26396|0
10.37855|0
10.49321|0
10.60338|0
10.71353|0
10.82512|0
10.93372|0
11.04582|0
11.15432|0
11.26376|0
11.37217|0
11.47924|0
11.58483|0
11.68706|0
11.79003|0
11.89542|0
12.00051|0
12.1056|0
12.20753|0
12.31104|0
12.41569|0
12.51792|0
12.62232|0
12.72244|0
12.82538|0
12.93305|0
13.03976|0
13.14516|0
13.24549|0
13.3489|0
13.45207|0
13.55711|0
13.66467|0
13.77601|0
13.87774|0
13.987|0
14.09459|0
14.19766|0
14.29768|0
14.40087|0
14.50551|0
14.60814|0
14.71199|0
14.81623|0
14.91736|0
15.0205|0
15.12412|0
15.22809|0
15.33282|0
15.43473|0
15.53716|0
15.64016|0
15.74223|0
15.8559|0
15.95651|0
16.06497|0
16.16898|0
16.27324|0
16.37741|0
16.47954|0
16.58511|0
16.68658|0
16.78765|0
16.8931|0
16.99502|0
17.09978|0
17.20567|0
17.30919|0
17.41398|0
17.51839|0
17.62106|0
17.72697|0
17.83074|0
17.93641|0
18.0409|0
18.14316|0
18.25009|0
18.35516|0
18.45889|0
18.56382|0
18.66715|0
18.76779|0
18.87387|0
18.97906|0
19.0853|0
19.19085|0
19.29317|0
19.39723|0
19.5009|0
19.60342|0
19.70716|0
19.81225|0
19.91487|0
20.01815|0
20.12325|0
20.22756|0
20.33189|0
20.43369|0
20.53657|0
20.64203|0
20.74751|0
20.85143|0
20.9541|0
21.06525|0
21.16969|0
21.2753|0
21.37925|0
21.48929|0
21.59378|0
21.69516|0
21.79839|0
21.90366|0
22.00956|0
22.11882|0
22.21915|0
22.33734|0
22.44391|0
22.55258|0
22.66032|0
22.76323|0
22.87064|0
22.97753|0
23.08193|0
23.18281|0
23.29275|0
23.39999|0
23.51091|0
23.61928|0
23.71994|0
23.8307|0
23.93757|0
24.04567|0
24.14647|0
24.24925|0
24.35356|0
24.46701|0
24.57089|0
24.67675|0
24.78122|0
24.88304|0
24.98415|0
25.08806|0
25.19032|0
25.29493|0
25.39882|0
25.50337|0
25.60882|0
25.71385|0
25.81876|0
25.92312|0
26.03145|0
26.14202|0
26.24248|0
26.35293|0
26.45401|0
26.55638|0
26.65651|0
26.76472|0
26.87265|0
26.99074|0
27.10323|0
27.21224|0
27.31447|0
27.42409|0
27.52842|0
27.63898|0
27.74154|0
27.84348|0
27.94504|0
28.05807|0
28.15861|0
28.26114|0
28.36229|0
28.4647|0
28.57427|0
28.67611|0
28.77839|0
28.88574|0
28.9942|0
29.10473|0
29.20754|0
29.31005|0
29.41442|0
29.51842|0
29.61906|0
29.72354|0
29.82699|0
29.93063|0
30.03349|0
30.13436|0
30.23687|0
30.33943|0
30.4421|0
30.54472|0
30.64567|0
30.74817|0
30.85127|0
30.95428|0
31.06792|0
31.16979|0
31.27333|0
31.37554|0
31.48031|0
31.58262|0
31.69231|0
31.79336|0
31.90015|0
32.00445|0
32.1121|0
32.21361|0
32.31496|0
32.42086|0
32.53386|0
32.64276|0
32.74434|0
32.84766|0
32.95206|0
33.05426|0
33.15513|0
33.25776|0
33.36159|0
33.46279|0
33.56469|0
33.6753|0
33.77821|0
33.88087|0
33.98404|0
34.08609|0
34.18894|0
34.29411|0
34.39705|0
34.49904|0
34.60225|0
34.70304|0
34.8054|0
34.90837|0
35.01089|0
35.11552|0
35.21613|0
35.31809|0
35.42081|0
35.52362|0
35.63654|0
35.73699|0
35.84072|0
35.94466|0
36.04769|0
36.15115|0
36.26177|0
36.36488|0
36.46774|0
36.5719|0
36.67554|0
36.79001|0
36.89185|0
36.9958|0
37.1005|0
37.20528|0
37.30773|0
37.40783|0
37.5097|0
37.61154|0
37.71467|0
37.82487|0
37.92805|0
38.03739|0
38.14169|0
38.24317|0
38.35372|0
38.45628|0
38.55854|0
38.66063|0
38.77328|0
38.88261|0
38.98425|0
39.08756|0
39.18894|0
39.29925|0
39.40092|0
39.5029|0
39.60633|0
39.71979|0
39.82245|0
39.92546|0
40.03041|0
40.13274|0
40.23522|0
40.33532|0
40.43884|0
40.5416|0
40.64496|0
40.74872|0
40.85986|0
40.96244|0
41.06549|0
41.16919|0
41.27177|0
41.37179|0
41.47424|0
41.57719|0
41.68069|0
41.78308|0
41.88331|0
41.984|0
42.08498|0
42.18526|0
42.29311|0
42.39394|0
42.4982|0
42.605|0
42.71076|0
42.81419|0
42.91923|0
43.02275|0
43.12954|0
43.23557|0
43.3431|0
43.44843|0
43.55966|0
43.6636|0
43.76669|0
43.86982|0
43.97228|0
44.0777|0
