0|0
0.1048099|0
0.2102775|0
0.3181932|0
0.4227432|0
0.5231757|0
0.6258446|0
0.7364088|0
0.842811|0
0.9456925|0
1.048563|0
1.156058|0
1.262623|0
1.3693|0
1.470616|0
1.57126|0
1.676276|0
1.78215|0
1.889023|0
1.995032|0
2.095857|0
2.196503|0
2.300484|0
2.403559|0
2.508814|0
2.612576|0
2.718957|0
2.826367|0
2.926888|0
3.029701|0
3.135434|0
3.235858|0
3.337875|0
3.437923|0
3.543614|0
3.646837|0
3.749198|0
3.856116|0
3.958028|0
4.061921|0
4.1634|0
4.269474|0
4.371091|0
4.475702|0
4.577698|0
4.685853|0
4.789793|0
4.892091|0
4.995542|0
5.101299|0
5.201814|0
5.308372|0
5.410999|0
5.511842|0
5.618787|0
5.725093|0
5.838109|0
5.94331|0
6.053341|0
6.155077|0
6.262565|0
6.371151|0
6.478833|0
6.585275|0
6.689019|0
6.795197|0
6.897888|0
6.998066|0
7.107527|0
7.211336|0
7.317274|0
7.418896|0
7.527514|0
7.63224|0
7.737716|0
7.846416|0
7.94935|0
8.052029|0
8.154609|0
8.254791|0
8.36011|0
8.467937|0
8.569129|0
8.670857|0
8.777228|0
8.882933|0
8.986311|0
9.095759|0
9.199986|0
9.312417|0
9.430585|0
9.535075|0
9.63569|0
9.736082|0
9.838085|0
9.939502|0
10.04645|0
10.14746|0
10.25371|0
10.36052|0
10.46379|0
10.56937|0
10.66958|0
10.77491|0
10.87613|0
10.98012|0
11.08176|0
11.18867|0
11.2901|0
11.3945|0
11.49982|0
11.60687|0
11.71097|0
11.81192|0
11.91202|0
12.0173|0
12.11973|0
12.22633|0
12.32983|0
12.43622|0
12.54552|0
12.6464|0
12.74646|0
12.85051|0
12.95139|0
13.0534|0
13.15515|0
13.25564|0
13.36054|0
13.46294|0
13.56981|0
13.67487|0
13.78061|0
13.88097|0
13.98136|0
14.08259|0
14.18591|0
14.29051|0
14.39564|0
14.50158|0
14.60247|0
14.70862|0
14.81301|0
14.91788|0
15.0205|0
15.12511|0
15.22836|0
15.33187|0
15.43828|0
15.53855|0
15.64377|0
15.74379|0
15.84747|0
15.95431|0
16.05828|0
16.16409|0
16.26978|0
16.37605|0
16.48218|0
16.58431|0
16.6895|0
16.79221|0
16.89282|0
16.99565|0
17.10503|0
17.20935|0
17.31338|0
17.41476|0
17.5167|0
17.61934|0
17.72149|0
17.82743|0
17.93333|0
18.03516|0
18.13672|0
18.24323|0
18.34439|0
18.44893|0
18.55359|0
18.65401|0
18.75415|0
18.8549|0
18.95741|0
19.06358|0
19.16376|0
19.26723|0
19.3691|0
19.47533|0
19.57762|0
19.6815|0
19.78474|0
19.88538|0
19.9887|0
20.09104|0
20.19153|0
20.29856|0
20.40712|0
20.51471|0
20.61716|0
20.72318|0
20.82425|0
20.92942|0
21.03614|0
21.1383|0
21.24071|0
21.34731|0
21.44947|0
21.5571|0
21.66059|0
21.76498|0
21.86995|0
21.97503|0
22.07748|0
22.17758|0
22.27817|0
22.3791|0
22.48382|0
22.58604|0
22.68898|0
22.79016|0
22.89172|0
22.99463|0
23.09585|0
23.19839|0
23.30096|0
23.40172|0
23.50791|0
23.60937|0
23.71245|0
23.81502|0
23.91789|0
24.01936|0
24.13441|0
24.24031|0
24.34639|0
24.45196|0
24.55487|0
24.66072|0
24.76558|0
24.86722|0
24.97133|0
25.07441|0
25.17535|0
25.28174|0
25.38384|0
25.48385|0
25.58707|0
25.6951|0
25.79836|0
25.90369|0
26.00757|0
26.108|0
26.20944|0
26.31426|0
26.41825|0
26.52064|0
26.6233|0
26.7293|0
26.83183|0
26.93569|0
27.03775|0
27.14109|0
27.25021|0
27.35133|0
27.45416|0
27.5551|0
27.65722|0
27.7614|0
27.86771|0
27.9711|0
28.07607|0
28.18047|0
28.2835|0
28.3903|0
28.49384|0
28.60005|0
28.70236|0
28.80835|0
28.91062|0
29.0182|0
29.12315|0
29.22342|0
29.32437|0
29.42511|0
29.52519|0
29.62857|0
29.73477|0
29.83526|0
29.93545|0
30.03824|0
30.13835|0
30.23878|0
30.34226|0
30.44231|0
30.54691|0
30.6477|0
30.75284|0
30.85337|0
30.95749|0
31.06419|0
31.16684|0
31.2735|0
31.37509|0
31.47886|0
31.58367|0
31.68899|0
31.7919|0
31.89651|0
31.99977|0
32.10299|0
32.20341|0
32.31069|0
32.41148|0
32.51189|0
32.61609|0
32.71866|0
32.82232|0
32.92463|0
33.02558|0
33.13024|0
33.23595|0
33.33809|0
33.43879|0
33.53955|0
33.64174|0
33.7437|0
33.84992|0
33.95285|0
34.05371|0
34.15555|0
34.25891|0
34.36172|0
34.46619|0
34.56728|0
34.66805|0
34.76902|0
34.87547|0
34.98111|0
35.0844|0
35.18628|0
35.28851|0
35.39424|0
35.49874|0
35.6035|0
35.70742|0
35.80997|0
35.91706|0
36.02206|0
36.12733|0
36.23444|0
36.33664|0
36.44251|0
36.54529|0
36.6513|0
36.75215|0
36.85476|0
36.95751|0
37.05918|0
37.16037|0
37.26372|0
37.36835|0
37.47388|0
37.57652|0
37.67678|0
37.77917|0
37.88016|0
37.98178|0
38.09349|0
38.19386|0
38.29802|0
38.39949|0
38.50292|0
38.60316|0
38.70606|0
38.80909|0
38.91359|0
39.02071|0
39.12456|0
39.23003|0
39.33258|0
39.43651|0
39.53851|0
39.64271|0
39.74494|0
39.85064|0
39.95172|0
40.05507|0
40.16239|0
40.26821|0
40.37109|0
40.47474|0
40.57598|0
40.68119|0
40.78561|0
40.89302|0
40.99365|0
41.09551|0
41.20132|0
41.30162|0
41.40521|0
41.50958|0
41.61331|0
41.71564|0
41.82179|0
41.92368|0
42.02737|0
42.12866|0
42.23212|0
42.33447|0
42.43534|0
42.53703|0
42.64193|0
42.74723|0
42.84786|0
42.95363|0
43.0553|0
43.15644|0
43.26037|0
43.36068|0
43.46302|0
43.56642|0
43.6692|0
43.76976|0
43.87097|0
43.97606|0
44.08123|0
44.18697|0
44.29177|0
44.3949|0
44.49659|0
44.5968|0
44.69949|0
44.80244|0
44.90863|0
45.02437|0
45.12541|0
45.22792|0
45.3329|0
45.43652|0
45.53943|0
45.64277|0
45.74426|0
45.84998|0
45.95577|0
46.05608|0
46.15701|0
46.26046|0
46.36094|0
46.46242|0
46.5654|0
46.67105|0
46.77234|0
46.87499|0
46.98008|0
47.08601|0
47.18777|0
47.28819|0
47.38889|0
47.48984|0
47.59339|0
47.69817|0
47.80277|0
47.90884|0
48.01448|0
48.11759|0
48.22031|0
48.3229|0
48.4244|0
48.52462|0
48.62574|0
48.72582|0
48.83072|0
48.93361|0
49.03466|0
49.13752|0
49.24165|0
49.34484|0
49.44968|0
49.55482|0
49.6578|0
49.76256|0
49.86634|0
49.96818|0
50.07143|0
50.17344|0
50.27556|0
50.37636|0
50.48209|0
50.58312|0
50.68695|0
50.78761|0
50.88947|0
50.99253|0
51.09639|0
51.19863|0
51.30315|0
51.40409|0
51.50962|0
51.61298|0
51.7137|0
51.81394|0
51.91565|0
52.01707|0
52.12072|0
52.2285|0
52.32985|0
52.43443|0
52.53833|0
52.64021|0
52.7436|0
52.84677|0
52.94765|0
53.05274|0
53.15716|0
53.2598|0
53.36525|0
53.46881|0
53.57386|0
53.67811|0
53.78286|0
53.89103|0
53.99649|0
54.09735|0
54.19831|0
54.30258|0
54.40883|0
54.51396|0
54.62092|0
54.72452|0
54.83123|0
